4096 4096
1123
619 1017 619 1016 130 1016 130 66
3 472 4 472 4 831 936 831
607 855 606 855 606 535 563 535
200 807 199 807 199 996 63 996
866 320 866 154 119 154 119 102
227 98 228 98 228 124 893 124
17 293 18 293 18 881 159 881
353 371 354 371 354 995 554 995
267 826 267 370 608 370 608 307
538 968 1010 968 1010 638 1019 638
28 975 28 806 531 806 531 720
651 125 937 125 937 1012 996 1012
1004 556 126 556 126 793 22 793
858 191 858 263 14 263 14 488
893 770 892 770 892 885 684 885
403 351 223 351 223 211 181 211
154 186 161 186 161 952 771 952
173 668 174 668 174 692 1006 692
884 995 884 985 475 985 475 915
674 33 938 33 938 654 1009 654
224 183 224 273 628 273 628 893
543 30 543 132 849 132 849 764
599 865 562 865 562 447 398 447
857 503 856 503 856 272 396 272
213 959 214 959 214 915 714 915
503 302 503 352 372 352 372 894
551 921 551 914 813 914 813 619
845 131 867 131 867 228 917 228
561 48 561 102 290 102 290 227
690 668 691 668 691 169 837 169
252 262 253 262 253 101 504 101
89 785 90 785 90 634 123 634
753 73 414 73 414 928 32 928
558 562 558 534 94 534 94 156
59 991 59 964 867 964 867 737
8 1453 8 1340 723 1340 723 1303
185 1464 186 1464 186 1996 766 1996
205 1178 281 1178 281 1363 482 1363
964 1089 964 1093 340 1093 340 1870
1003 1067 990 1067 990 1810 921 1810
259 1416 259 1979 855 1979 855 2006
795 1116 129 1116 129 1333 82 1333
842 1762 843 1762 843 1527 848 1527
611 1303 610 1303 610 1275 362 1275
353 1895 353 1526 599 1526 599 1157
126 1839 126 1831 339 1831 339 1825
330 1038 329 1038 329 1568 323 1568
658 1503 921 1503 921 1742 953 1742
360 1597 600 1597 600 1448 902 1448
829 1865 703 1865 703 1549 453 1549
703 1603 703 1626 472 1626 472 1978
301 1338 612 1338 612 1263 777 1263
960 1493 960 1399 184 1399 184 1374
785 1767 784 1767 784 1819 379 1819
150 1873 150 1262 927 1262 927 1178
543 2046 1010 2046 1010 1874 1016 1874
501 1369 352 1369 352 1871 320 1871
178 1968 178 1599 441 1599 441 1523
681 1803 272 1803 272 1400 270 1400
300 1739 300 1562 571 1562 571 1524
130 1258 130 1342 684 1342 684 1380
988 1048 424 1048 424 1068 37 1068
343 1380 344 1380 344 1115 547 1115
695 1074 860 1074 860 1952 876 1952
100 1341 114 1341 114 1624 447 1624
698 1139 698 1625 421 1625 421 1674
365 1318 364 1318 364 1322 294 1322
934 1874 702 1874 702 1787 609 1787
558 1629 557 1629 557 2020 540 2020
897 1372 896 1372 896 1287 795 1287
196 2256 84 2256 84 2817 79 2817
92 2220 92 2394 243 2394 243 2619
887 2218 183 2218 183 2736 123 2736
971 3043 971 3032 490 3032 490 2725
524 2163 678 2163 678 2575 1002 2575
602 2995 602 2542 345 2542 345 2427
12 2856 13 2856 13 2847 786 2847
63 2180 86 2180 86 2740 688 2740
114 2108 198 2108 198 2515 643 2515
1011 2558 1011 2799 871 2799 871 2870
781 2329 782 2329 782 2724 852 2724
676 2707 675 2707 675 2481 613 2481
36 2986 275 2986 275 2543 413 2543
356 2297 356 2326 317 2326 317 2542
505 2877 532 2877 532 2548 547 2548
597 3071 417 3071 417 2497 347 2497
1021 2253 1020 2253 1020 2396 826 2396
352 2451 664 2451 664 2859 730 2859
387 2095 293 2095 293 2709 274 2709
685 2670 686 2670 686 2728 719 2728
12 2584 13 2584 13 2965 926 2965
986 2725 196 2725 196 2339 185 2339
362 2886 363 2886 363 3033 925 3033
418 2975 507 2975 507 2777 808 2777
433 2412 432 2412 432 2102 393 2102
484 2947 227 2947 227 2837 87 2837
824 2192 825 2192 825 2363 961 2363
186 3014 78 3014 78 2248 60 2248
411 2711 411 2547 566 2547 566 2185
663 2514 467 2514 467 2260 28 2260
702 2324 703 2324 703 2298 999 2298
330 2997 11 2997 11 2075 10 2075
1013 2666 1012 2666 1012 2914 862 2914
586 2166 565 2166 565 2329 469 2329
46 4018 73 4018 73 3616 172 3616
410 3789 411 3789 411 3876 458 3876
49 3640 50 3640 50 3684 292 3684
59 3970 60 3970 60 3077 81 3077
259 3368 228 3368 228 3439 147 3439
262 4063 293 4063 293 3281 512 3281
74 3823 219 3823 219 3683 666 3683
634 3076 262 3076 262 3657 234 3657
783 4036 800 4036 800 3087 825 3087
764 3991 209 3991 209 3599 131 3599
175 3241 175 3331 373 3331 373 3340
285 3824 286 3824 286 3919 798 3919
779 3443 778 3443 778 4094 662 4094
591 3894 590 3894 590 3201 446 3201
292 3628 292 3466 535 3466 535 3450
185 3642 184 3642 184 3776 128 3776
410 3480 411 3480 411 3240 847 3240
682 3629 682 3199 123 3199 123 3106
147 3635 146 3635 146 3672 89 3672
722 3198 721 3198 721 3178 69 3178
784 3257 900 3257 900 3408 1011 3408
218 3764 218 3615 108 3615 108 3151
799 3874 799 3873 10 3873 10 3487
339 3966 210 3966 210 3998 35 3998
432 3456 432 3518 141 3518 141 3547
493 3492 493 3490 358 3490 358 3337
192 3330 192 3200 691 3200 691 3148
893 3970 892 3970 892 3298 495 3298
404 3609 613 3609 613 3405 899 3405
612 3597 492 3597 492 3491 155 3491
373 3854 373 3608 598 3608 598 3385
3 3520 4 3520 4 4088 675 4088
1806 642 1841 642 1841 505 2042 505
1462 768 1461 768 1461 739 1149 739
1538 472 1653 472 1653 575 1681 575
1567 664 1279 664 1279 542 1202 542
1945 498 1944 498 1944 514 1831 514
1118 833 1496 833 1496 748 1784 748
1115 780 1483 780 1483 522 1969 522
1564 454 1488 454 1488 817 1483 817
1711 132 1114 132 1114 771 1113 771
1224 978 1224 309 1349 309 1349 219
1771 241 1771 449 1490 449 1490 825
1813 920 1787 920 1787 361 1600 361
1645 199 1785 199 1785 854 1914 854
1225 310 1970 310 1970 633 1975 633
1438 164 1210 164 1210 234 1184 234
1635 859 1474 859 1474 359 1473 359
1174 319 1173 319 1173 391 1172 391
1221 673 1483 673 1483 448 1763 448
1482 375 1482 403 1186 403 1186 809
1659 168 1660 168 1660 232 1673 232
1742 950 1741 950 1741 897 1459 897
1512 154 1092 154 1092 466 1052 466
1195 112 1513 112 1513 388 1654 388
1826 34 1825 34 1825 0 1504 0
1916 841 1917 841 1917 755 2015 755
1292 573 1308 573 1308 165 1361 165
1636 582 1635 582 1635 616 1554 616
1072 945 1072 896 1652 896 1652 514
2031 415 1473 415 1473 593 1280 593
1622 48 1555 48 1555 892 1198 892
1803 262 1802 262 1802 863 1676 863
1867 558 1866 558 1866 570 1692 570
1898 1786 1898 1783 1043 1783 1043 1667
1828 1452 1686 1452 1686 1339 1378 1339
1177 1919 1178 1919 1178 1042 1186 1042
1127 1934 1127 1722 1824 1722 1824 1578
1117 1079 1038 1079 1038 1659 1035 1659
1693 1338 1578 1338 1578 1695 1481 1695
1849 1139 1849 1251 1432 1251 1432 1904
1666 1546 1621 1546 1621 1124 1463 1124
1659 1258 1578 1258 1578 1432 1261 1432
1211 1475 1572 1475 1572 1358 1575 1358
1583 1250 1288 1250 1288 1331 1039 1331
2010 1947 1255 1947 1255 1045 1246 1045
1620 1674 1609 1674 1609 1034 1253 1034
1917 2035 1976 2035 1976 1653
1960 1627 1179 1627 1179 1438 1177 1438
1719 1782 1719 1771 1969 1771 1969 1221
1224 1417 1224 1463 1483 1463 1483 1498
1098 1480 1098 1799 1674 1799 1674 1857
1695 1078 1695 1263 1842 1263 1842 1504
1314 1650 1314 1734 1393 1734 1393 1932
1979 1533 1978 1533 1978 1875 1963 1875
1861 1975 1844 1975 1844 1337 1790 1337
1399 2037 1399 1723 2027 1723 2027 1348
1614 1929 1614 1921 1062 1921 1062 1825
1950 1673 1753 1673 1753 1462 1359 1462
1506 1402 1291 1402 1291 1363 1030 1363
1071 1157 1110 1157 1110 1765 1826 1765
1113 1133 1113 1757 1476 1757 1476 1899
1502 2042 1556 2042 1556 1495 1716 1495
1818 1865 1818 1798 1589 1798 1589 1055
1245 1995 1245 1836 1728 1836 1728 1810
2000 1182 1290 1182 1290 1515 1259 1515
1818 1077 1818 1102 1086 1102 1086 2013
1206 2189 1206 2339 1749 2339 1749 2401
1589 2619 1589 2806 1992 2806 1992 2863
1176 2122 1177 2122 1177 2812 1411 2812
1182 2730 1182 2596 1584 2596 1584 2497
1457 2315 1548 2315 1548 2356 1576 2356
1831 2749 1831 2450 1993 2450 1993 2119
1461 2678 1308 2678 1308 2980 1305 2980
1066 2915 1071 2915 1071 2754 1482 2754
1489 2094 1201 2094 1201 2084 1157 2084
1981 2536 1980 2536 1980 2944 1896 2944
1429 2084 1300 2084 1300 2072 1101 2072
1746 2609 1747 2609 1747 2460 1964 2460
1658 2771 1658 2753 1203 2753 1203 2666
1173 2166 1321 2166 1321 2338 1783 2338
1497 2873 1498 2873 1498 3039 1706 3039
1443 2987 1443 2986 1696 2986 1696 2176
1063 2305 1063 2237 1763 2237 1763 2182
1461 2930 1460 2930 1460 2688 1453 2688
1207 2967 1207 3042 1323 3042 1323 3050
1155 3058 1113 3058 1113 2328 1106 2328
1672 2655 1692 2655 1692 2299 2015 2299
1747 2614 1747 2618 1099 2618 1099 2691
1806 2773 1661 2773 1661 2156 1613 2156
1372 2535 1372 2508 1537 2508 1537 2256
1677 2453 1678 2453 1678 2562 1694 2562
1933 2664 1932 2664 1932 2534 1911 2534
1036 2969 1043 2969 1043 2518 1998 2518
1346 2073 1446 2073 1446 2162 1880 2162
1234 2284 1065 2284 1065 2610 1064 2610
1935 2376 1935 2402 1700 2402 1700 2658
1507 2794 1507 2654 1260 2654 1260 2597
1911 2318 1911 2319 1070 2319 1070 2871
1548 2859 1548 2822 1114 2822 1114 2500
1209 3001 1699 3001 1699 2775 1816 2775
1028 2468 1029 2468 1029 2312 1927 2312
1211 3436 1212 3436 1212 3411 1266 3411
1796 3171 1796 3202 1147 3202 1147 3428
1461 3280 1491 3280 1491 4033 1884 4033
1101 3457 1108 3457 1108 3696 1698 3696
1750 3754 1749 3754 1749 3686 1509 3686
1203 3894 1203 3860 1490 3860
1108 3449 1109 3449 1109 3744 1220 3744
1768 3675 1768 3246 1579 3246 1579 3091
1406 3328 1405 3328 1405 3613 1196 3613
1991 3940 1991 3685 1460 3685 1460 3415
1860 3397 1828 3397 1828 3129 1693 3129
1675 3286 1712 3286 1712 3401 1783 3401
1772 3747 1992 3747 1992 4022 2020 4022
1038 3623 1039 3623 1039 4061 1793 4061
1127 3517 1128 3517 1128 4046 1718 4046
1822 3366 1774 3366 1774 3578 1537 3578
1745 3845 1312 3845 1312 3094 1294 3094
1162 3393 1162 3093 1557 3093 1557 3074
1744 3642 1745 3642 1745 3161 1751 3161
1168 3479 1393 3479 1393 3370 1711 3370
1113 3537 1113 3478 1309 3478 1309 3411
1313 3103 1313 3108 1559 3108 1559 3340
1539 3939 1560 3939 1560 3266 1650 3266
1483 3649 1483 4041 1904 4041 1904 4092
1151 3076 1152 3076 1152 3855 1184 3855
1972 3221 1971 3221 1971 3223 1869 3223
1985 3190 1985 3643 1354 3643 1354 3782
1724 3876 1775 3876 1775 3434 1812 3434
1985 3759 1984 3759 1984 3784 1170 3784
1854 4040 1827 4040 1827 3072 1760 3072
1548 3111 1107 3111 1107 3991 1033 3991
3071 594 3067 594 3067 131 3037 131
2321 969 2389 969 2389 867 2995 867
2213 807 2236 807 2236 79
2534 790 2533 790 2533 718 2075 718
2942 417 2598 417 2598 323 2402 323
2440 889 2440 942 3011 942 3011 995
2521 438 2521 446 2166 446 2166 740
2960 934 2959 934 2959 932 2528 932
2318 20 2267 20 2267 428 2252 428
2324 323 2325 323 2325 329 2704 329
2616 5 2615 5 2615 60 2582 60
2800 538 2800 700 2723 700 2723 896
2366 906 2366 866 2443 866 2443 682
3059 463 3058 463 3058 134 2271 134
3049 795 3049 94 2984 94 2984 78
2278 543 2268 543 2268 96
2390 479 2389 479 2389 540 2313 540
2698 661 2699 661 2699 718 2828 718
2835 948 2770 948 2770 930 2579 930
2963 499 2971 499 2971 104 2982 104
2600 964 2492 964 2492 290 2490 290
2894 319 2894 562 2076 562 2076 642
2387 860 2074 860 2074 135 2067 135
2186 1012 2187 1012 2187 748 2193 748
2962 797 2961 797 2961 832 2474 832
2179 159 2179 646 2754 646 2754 699
2140 15 2141 15 2141 949 2944 949
2609 823 2609 735 2898 735 2898 334
2543 574 2544 574 2544 819 2646 819
2868 626 2868 537 2411 537 2411 481
2123 314 2124 314 2124 342 2456 342
2390 328 2391 328 2391 180 2891 180
2313 263 2313 972 2951 972 2951 999
2446 628 2446 611 2135 611 2135 143
2929 654 2929 30 2365 30 2365 24
2817 368 2818 368 2818 94 2832 94
2875 1900 2874 1900 2874 1866 2817 1866
2474 1089 2145 1089 2145 1965 2113 1965
2456 1999 2142 1999 2142 1377 2059 1377
2077 1507 2197 1507 2197 1542 2888 1542
2804 1152 2764 1152 2764 2012 2549 2012
2728 1365 2727 1365 2727 1981 2653 1981
2943 1814 2906 1814 2906 1129 2519 1129
2179 1556 2179 1726 2791 1726 2791 1941
2210 1482 2201 1482 2201 1386 2181 1386
2352 1908 2351 1908 2351 1702 2348 1702
2711 2002 2651 2002 2651 1454 2549 1454
2915 1188 2915 1605 2776 1605 2776 2044
2406 1993 2391 1993 2391 1924 2288 1924
2936 1869 2906 1869 2906 1310 2439 1310
2461 1456 2461 1128 3064 1128 3064 1062
2793 1477 2817 1477 2817 1130 2873 1130
2458 1211 2654 1211 2654 1627 2685 1627
2346 2028 2323 2028 2323 1653 2302 1653
2274 1745 2274 1828 3005 1828 3005 1921
2975 1054 2975 1090 2203 1090 2203 1475
2987 1396 2987 1072 2412 1072 2412 1028
3034 1327 3033 1327 3033 2000 2822 2000
2247 1851 2464 1851 2464 1273 2775 1273
2493 1592 2497 1592 2497 1979 2507 1979
2816 1189 2815 1189 2815 1174 2172 1174
2379 1332 2379 1457 2596 1457 2596 1858
2221 1833 2695 1833 2695 1506 2717 1506
2489 1313 2889 1313 2889 1882 2894 1882
2968 1027 2968 1901 2825 1901 2825 2020
2220 1992 2220 1210 3020 1210 3020 1179
2324 1707 2325 1707 2325 1094 2478 1094
2207 1039 2218 1039 2218 1528 2286 1528
2696 1763 2609 1763 2609 1861 2557 1861
2285 2792 2149 2792 2149 2388 2142 2388
2278 2979 2278 2961 2549 2961 2549 2154
2788 2334 2603 2334 2603 2774 2445 2774
2824 2835 2624 2835 2624 2742 2566 2742
2291 2248 2292 2248 2292 2177 2544 2177
2112 2569 2113 2569 2113 2657 2915 2657
2187 2366 2188 2366 2188 3012 2355 3012
2650 2830 2650 2765 2329 2765 2329 2189
2377 2672 2376 2672 2376 2687 2278 2687
2898 2619 2897 2619 2897 2896 2260 2896
2797 2436 2670 2436 2670 2828 2604 2828
2505 2186 2916 2186 2916 2927 2977 2927
2312 2963 2986 2963 2986 2137 2995 2137
2212 2827 2275 2827 2275 2083 2359 2083
2301 2982 2301 2962 2844 2962 2844 2841
2684 2613 2683 2613 2683 2938 2637 2938
2855 2246 2626 2246 2626 2126 2185 2126
2150 2413 2150 2346 2535 2346 2535 2196
2284 2885 2286 2885 2286 2183 2377 2183
2899 2440 2891 2440 2891 2877 2275 2877
2553 2959 2109 2959 2109 2096 2089 2096
2120 2679 2594 2679 2594 2391 2683 2391
2935 2820 2922 2820 2922 2377 2371 2377
2287 2353 2727 2353 2727 2826 2786 2826
2571 2494 2570 2494 2570 2456 2093 2456
2115 2367 2115 2333 3031 2333 3031 2158
2170 2905 2170 2710 2833 2710 2833 2532
2341 2611 2647 2611 2647 2597 2843 2597
2435 2113 2434 2113 2434 2143 2367 2143
2708 2950 2708 2753 2678 2753 2678 2571
2155 2801 2670 2801 2670 2611 2985 2611
3059 3676 3058 3676 3058 4002 2406 4002
2980 3763 2832 3763 2832 4061 2437 4061
2559 4022 2559 3393 2318 3393 2318 3172
2967 3740 2967 3712 2643 3712 2643 3678
2263 3649 2264 3649 2264 3392 2447 3392
2347 3454 2348 3454 2348 4054 2754 4054
2651 3254 2170 3254 2170 3885 2096 3885
3021 3147 2980 3147 2980 3748 2774 3748
2582 3343 2560 3343 2560 3580 2409 3580
2906 3989 2905 3989 2905 4024 2388 4024
2909 3250 2909 3197 2901 3197 2901 3166
2406 3130 2406 3201 2875 3201 2875 4091
2992 4034 2991 4034 2991 4075 2812 4075
2567 3468 2567 3609 2274 3609 2274 3991
2766 3229 2868 3229 2868 3736 2939 3736
3030 3826 3034 3826 3034 3092 3047 3092
2450 3937 2698 3937 2698 3447 2760 3447
2386 4007 2993 4007 2993 3313 3032 3313
2305 3319 2305 3394 2481 3394 2481 3573
2658 3082 2658 3332 2271 3332 2271 3831
3023 3172 3023 3146 2647 3146 2647 3092
2741 3242 2697 3242 2697 3820 2376 3820
2867 3710 2866 3710 2866 3373 2072 3373
2992 3954 2991 3954 2991 3361 2981 3361
2347 3736 2349 3736 2349 3707 2697 3707
2269 3201 2270 3201 2270 4085 2744 4085
2575 3801 2574 3801 2574 3892 2505 3892
2171 3356 2172 3356 2172 4001 2533 4001
2176 3905 2765 3905 2765 3412 2777 3412
2099 3948 2099 3891 2561 3891 2561 3528
2431 3311 2448 3311 2448 3804 2475 3804
3049 4084 3029 4084 3029 3346 3006 3346
2472 3304 2583 3304 2583 4050 2685 4050
2469 3338 2761 3338 2761 3810 2764 3810
2967 3129 2967 3344 2599 3344 2599 3488
3501 805 3501 598 3097 598 3097 39
3595 81 3594 81 3594 101 3274 101
4082 378 4010 378 4010 290 3288 290
3960 450 3842 450 3842 427 3210 427
3437 323 3339 323 3339 549 3326 549
3943 837 3928 837 3928 107 3747 107
3971 587 3970 587 3970 88 3817 88
4083 775 4083 4 3085 4 3085 3
3347 278 3141 278 3141 594 3133 594
3151 238 3843 238 3843 439 3852 439
3659 43 3619 43 3619 218 3383 218
3166 134 3567 134 3567 952 3694 952
3142 372 3142 407 3618 407 3618 481
4020 545 4019 545 4019 44 3271 44
3088 231 3197 231 3197 991 3285 991
3092 992 3092 977 4056 977 4056 178
3489 584 3490 584 3490 452 4049 452
3497 883 3662 883 3662 423 3806 423
3861 77 3860 77 3860 71 3230 71
3602 581 3660 581 3660 38 3723 38
3296 873 3296 291 3655 291 3655 183
3340 438 3340 440 3898 440 3898 788
3450 812 3449 812 3449 765 3241 765
3966 478 3814 478 3814 741 3753 741
3654 528 3653 528 3653 782 3509 782
3966 250 3967 250 3967 290 4034 290
3978 575 3977 575 3977 789 3651 789
3128 99 3704 99 3704 853 3781 853
3497 372 3524 372 3524 794 3538 794
3103 895 3477 895 3477 596 3522 596
3980 601 3980 222 3342 222 3342 215
3827 357 3805 357 3805 431 3661 431
3366 410 3339 410 3339 691 3331 691
4091 319 4090 319 4090 937 3632 937
3853 1207 3845 1207 3845 1479 3620 1479
3776 1321 3777 1321 3777 1536 3855 1536
3291 1422 3704 1422 3704 1079 3956 1079
3355 1162 3355 1562 3937 1562 3937 1786
3723 1734 3724 1734 3724 1539 3846 1539
3075 1763 3091 1763 3091 1953 3994 1953
3294 2010 3956 2010 3956 1420 3962 1420
3383 1897 3989 1897 3989 1326 4007 1326
3227 1038 3227 1375 3422 1375 3422 1466
3224 1528 3288 1528 3288 1999 3820 1999
4062 1700 4062 1494 3932 1494 3932 1062
3159 1367 3214 1367 3214 1880 3232 1880
4015 1233 3988 1233 3988 1122 3709 1122
3989 1150 4063 1150 4063 1503 4079 1503
4014 1289 4013 1289 4013 1804 3616 1804
3108 1419 3120 1419 3120 1910 3183 1910
4049 1623 4048 1623 4048 1049 3782 1049
3120 2013 3238 2013 3238 1961 3481 1961
3160 1146 3215 1146 3215 1456 3399 1456
4056 1167 4055 1167 4055 1702 3863 1702
3433 1841 3382 1841 3382 1959 3291 1959
3472 1217 3471 1217 3471 1075 3130 1075
3320 1692 3320 1571 3518 1571 3518 1423
3568 1691 3436 1691 3436 1236 3435 1236
3615 1698 3319 1698 3319 1556 3224 1556
3908 1517 3908 1320 3491 1320 3491 1270
3662 1809 3661 1809 3661 2013 3415 2013
3846 1222 3847 1222 3847 1527 3863 1527
3609 1830 3560 1830 3560 1711 3505 1711
3906 1597 3905 1597 3905 1616 3734 1616
3638 1782 3638 1710 3389 1710 3389 1572
3959 1210 3929 1210 3929 1590 3729 1590
4007 1849 4007 1535 3804 1535 3804 1502
3474 2147 3930 2147 3930 2910 4076 2910
3728 2397 3258 2397 3258 2200 3257 2200
3259 2339 3261 2339 3261 2169 3718 2169
3543 2634 3544 2634 3544 2770 3790 2770
3105 2675 3124 2675 3124 2131 3485 2131
3241 2176 3259 2176 3259 2212 3877 2212
3273 2066 3273 2582 3494 2582 3494 2943
3526 2756 3526 2246 3712 2246 3712 2096
3307 2985 3791 2985 3791 2236 3903 2236
3727 2675 3727 2615 3783 2615 3783 2303
3233 2152 3233 2581 3573 2581 3573 2705
3348 2067 3868 2067 3868 2447 3949 2447
3787 2647 3523 2647 3523 2673 3449 2673
3376 2681 3376 2771 3601 2771 3601 2819
3191 2660 3192 2660 3192 2589 3332 2589
3095 2194 3125 2194 3125 2647 3150 2647
3983 2993 3837 2993 3837 2794 3816 2794
3475 2662 3298 2662 3298 2821 3159 2821
3300 2674 3157 2674 3157 2921 3122 2921
3284 2580 3906 2580 3906 2849 3929 2849
3838 2936 3839 2936 3839 2967 4014 2967
3897 2234 3706 2234 3706 2301 3645 2301
3932 2816 3931 2816 3931 2181 3298 2181
3292 2505 3292 2437 3779 2437 3779 2337
3443 3001 3920 3001 3920 2706 4068 2706
3899 2097 3904 2097 3904 2529 3914 2529
3892 2279 3891 2279 3891 2616 3737 2616
3699 2999 3535 2999 3535 2970 3402 2970
3441 2294 3492 2294 3492 2756 3515 2756
3765 2057 3765 2060 3285 2060 3285 2412
3287 2963 3495 2963 3495 2938 3569 2938
3377 3286 3378 3286 3378 3257 3848 3257
3701 4093 3700 4093 3700 3196 3522 3196
3839 3821 3840 3821 3840 3599 3952 3599
3200 3684 3200 3655 3404 3655 3404 3322
3192 3330 3192 3635 3418 3635 3418 3906
3630 3543 3630 3925 3414 3925 3414 4075
3855 3931 3855 3195 3476 3195 3476 3165
3757 3958 3756 3958 3756 3698 3715 3698
3093 3336 3094 3336 3094 4009 3145 4009
3667 3390 3645 3390 3645 4016 3556 4016
3360 3634 3359 3634 3359 3346 3323 3346
3628 4056 3859 4056 3859 3362 3923 3362
3598 3218 3540 3218 3540 3265 3076 3265
3167 3886 3173 3886 3173 3652 3316 3652
3653 3216 3652 3216 3652 3255 3320 3255
3542 3596 3493 3596 3493 3361 3263 3361
3300 3210 3300 3287 3534 3287 3534 3670
3240 3097 3241 3097 3241 3116 3484 3116
3389 3407 3388 3407 3388 3372 3207 3372
3662 3751 3662 3443 3979 3443 3979 3150
3103 3924 3419 3924 3419 3830 3638 3830
3858 3883 3836 3883 3836 3642 3717 3642
3730 3107 3729 3107 3729 4052 3727 4052
3533 3970 4007 3970 4007 3243 4018 3243
3955 3435 3954 3435 3954 3428 3091 3428
3347 3092 4042 3092 4042 4020 4048 4020
3954 3602 3953 3602 3953 3096 3393 3096
3915 4060 4014 4060 4014 3324 4041 3324
3353 3732 3601 3732 3601 3648 3827 3648
3173 3475 3172 3475 3172 3762 3095 3762
3590 3134 3980 3134 3980 3736 3998 3736
3500 3109 3500 3197 3587 3197 3587 3560
3295 4015 3349 4015 3349 3656 3466 3656
3160 3433 3174 3433 3174 3760 3238 3760
3131 4050 3179 4050 3179 3773 3305 3773
4006 3937 3838 3937 3838 3770 3646 3770
425 1063 425 1035 1888 1035 1888 1009
1249 978 1249 979 423 979 423 985
1321 1071 36 1071 36 1042 4 1042
1991 991 1177 991 1177 1060 584 1060
1079 1038 1078 1038 1078 1044 479 1044
478 2020 479 2020 479 2005 1845 2005
1548 2019 1547 2019 1547 2063 257 2063
2 2039 2 2057 1445 2057 1445 2081
1892 2007 1614 2007 1614 2087 389 2087
1603 2010 1585 2010 1585 2047 245 2047
1703 3114 1703 3069 72 3069 72 3030
1436 3042 1436 3049 1429 3049 1429 3057
1217 3101 1216 3101 1216 3074 523 3074
1894 3085 1895 3085 1895 3100 1993 3100
84 3067 972 3067 972 3021 1037 3021
1905 1017 2413 1017 2413 1068 2686 1068
1749 988 1992 988 1992 1003 2202 1003
2071 983 2120 983 2120 1043 2217 1043
1256 1056 1257 1056 1257 983 1780 983
1891 1048 2222 1048 2222 1025 2473 1025
2531 2056 2531 2053 1776 2053 1776 2030
1606 2003 2319 2003 2319 2067 2813 2067
2003 2094 2003 2093 1202 2093 1202 2085
2588 2066 2589 2066 2589 2053 2720 2053
2866 2074 2119 2074 2119 2061 1759 2061
1469 3107 1995 3107 1995 3091 3037 3091
1505 3073 1586 3073 1586 3121 2095 3121
1316 3120 1995 3120 1995 3069 2262 3069
1778 3062 1759 3062 1759 3096 1370 3096
1900 3078 1893 3078 1893 3104 1736 3104
3883 1034 3882 1034 3882 1009 3770 1009
3106 1022 2967 1022 2967 1042 2682 1042
2509 990 2508 990 2508 1061 2470 1061
2557 1052 2976 1052 2976 1056 3340 1056
2220 1036 2221 1036 2221 973
2783 2059 3554 2059 3554 2036 3562 2036
2428 2051 2721 2051 2721 2053 3553 2053
4034 2019 4033 2019 4033 2056 3620 2056
3657 2042 3657 2030 2674 2030 2674 2008
2675 2031 2587 2031 2587 2081 2464 2081
2400 3120 3020 3120 3020 3039 3666 3039
2389 3073 2997 3073 2997 3021 3698 3021
3741 3056 3740 3056 3740 3064 2132 3064
3915 3060 3914 3060 3914 3031 3714 3031
3264 3093 3265 3093 3265 3056 3431 3056
1029 1065 1026 1065 1026 1967 991 1967
998 295 998 1238 992 1238 992 1605
1005 1844 1005 1064 1049 1064 1049 556
973 219 1034 219 1034 1163
977 579 1029 579 1029 694 1036 694
1065 2015 1065 1565 1017 1565 1017 1180
1028 2373 1028 2029 1001 2029 1001 1263
1030 2983 1030 2663 983 2663 983 2559
990 2850 990 1969 1010 1969 1010 1125
1031 3003 1031 2093 977 2093 977 2030
1030 3826 1049 3826 1049 2532 1052 2532
1071 3047 1069 3047 1069 2548 1066 2548
1032 2669 1031 2669 1031 2763 1029 2763
1048 3400 1018 3400 1018 3260 989 3260
1020 3353 1020 2557 991 2557 991 2438
2050 624 2050 984 2095 984 2095 1631
2054 1359 2069 1359 2069 840 2092 840
2025 686 2025 1306 2026 1306 2026 1662
2011 1615 2012 1615 2012 1505 2036 1505
2021 783 2021 984 2077 984 2077 1557
2090 2317 2080 2317 2080 1775 2057 1775
2031 2569 2032 2569 2032 1803 2052 1803
2087 2951 2079 2951 2079 2166 2061 2166
2054 1446 2050 1446 2050 2072 2046 2072
2043 2801 2043 2165 2078 2165 2078 1769
2013 3618 2014 3618 2014 2867 2027 2867
2085 3872 2012 3872 2012 2322 2008 2322
2072 2168 2071 2168 2071 3517
2064 3920 2063 3920 2063 2167 2045 2167
2094 2881 2093 2881 2093 3635 2039 3635
3111 714 3108 714 3108 1306 3070 1306
3039 1240 3044 1240 3044 1684 3114 1684
3082 1689 3074 1689 3074 1944 3036 1944
3058 727 3057 727 3057 267 3054 267
3060 433 3060 464 3046 464 3046 690
3102 2882 3102 2315 3076 2315 3076 1176
3029 2104 3034 2104 3034 1899 3075 1899
3035 2462 3031 2462 3031 2764 3029 2764
3096 2304 3097 2304 3097 2587 3122 2587
3109 1149 3109 1285 3121 1285 3121 1863
3069 2123 3068 2123 3068 2140 3050 2140
3054 2089 3087 2089 3087 2901 3096 2901
3080 3248 3080 3015 3064 3015 3064 2308
3052 2733 3051 2733 3051 2654 3032 2654
3074 2656 3073 2656 3073 3443 3061 3443
1586 2778 4057 2778 4057 671
1207 754 1207 2126 1275 2126 1275 2318
1524 3274 1524 3140 4087 3140 4087 2966
1363 3540 1363 3302 3622 3302 3622 2590
2468 2704 2468 1307 102 1307 102 1114
3711 3832 122 3832 122 1648 114 1648
92 868 2981 868 2981 1506 2987 1506
3859 1995 3434 1995 3434 880 3204 880
1201 3320 1201 3264 3260 3264 3260 1785
1392 1523 1049 1523 1049 3485 407 3485
2171 777 2116 777 2116 3417 2003 3417
225 3741 2423 3741 2423 1167 3636 1167
3061 897 3126 897 3126 3644 3741 3644
603 2488 603 2121 4034 2121 4034 1529
2874 3851 2874 3769 3707 3769 3707 2247
2302 3228 1021 3228 1021 2382 747 2382
2351 3608 2377 3608 2377 3031 2441 3031
518 2440 518 2045 920 2045 920 1650
1814 2799 3123 2799 3123 198 3552 198
1662 262 1662 898 1436 898 1436 1445
2343 1677 2343 1538 3865 1538 3865 1516
3695 4027 3849 4027 3849 946
1269 1972 2114 1972 2114 2453 3013 2453
1091 1894 1093 1894 1093 402 1456 402
261 155 1037 155 1037 2062 1323 2062
3259 101 3129 101 3129 3766 2833 3766
3694 3998 3694 3209 3179 3209 3179 436
2335 1846 2335 1027 2470 1027 2470 733
2626 3343 2626 3342 20 3342 20 1991
2278 1062 2278 1077 2923 1077 2923 2570
262 2377 263 2377 263 2281 1186 2281
1138 3746 1138 1648 1345 1648 1345 1500
1879 2533 1879 4023 3322 4023 3322 4024
72 3643 72 3070 2996 3070 2996 1694
80 2821 801 2821 801 1341 1269 1341
386 1341 3216 1341 3216 1372 3803 1372
682 935 1022 935 1022 3051 1740 3051
211 3980 1072 3980 1072 2833 1201 2833
3810 3444 3809 3444 3809 4038 79 4038
2685 1305 2148 1305 2148 3651 1973 3651
3712 3301 3878 3301 3878 3972 4049 3972
3178 4043 1029 4043 1029 3712 996 3712
233 369 233 392 2770 392 2770 406
2067 306 1007 306 1007 1883 641 1883
1364 3812 1202 3812 1202 4069 720 4069
3374 2205 1919 2205 1919 2134 1801 2134
4013 4012 1311 4012 1311 3219 1226 3219
568 1527 468 1527 468 3170 460 3170
369 2605 369 3072 739 3072 739 3198
1279 1158 1819 1158 1819 652 2702 652
3600 3656 3600 2073 2318 2073 2318 2054
2766 737 2985 737 2985 2608 3350 2608
3929 525 3929 602 4071 602 4071 1078
3545 521 3545 2132 3464 2132 3464 2744
859 1408 859 2021 352 2021 352 3874
719 1470 719 1720 2888 1720 2888 1763
373 3876 373 3675 645 3675 645 3555
2200 2904 2826 2904 2826 1176 3075 1176
2837 205 2837 1079 1888 1079 1888 1777
127 599 3876 599 3876 1187 3918 1187
1198 1835 1070 1835 1070 672 554 672
3947 2658 3947 237 1790 237 1790 206
1109 1430 1109 3299 3615 3299 3615 3443
2671 2453 2671 3992 1672 3992 1672 4011
3968 2080 3968 2077 280 2077 280 1352
606 3945 342 3945 342 563 331 563
3348 3684 3060 3684 3060 2864 2629 2864
3803 2096 3707 2096 3707 14 681 14
663 3666 3151 3666 3151 2588 3387 2588
3988 1797 3637 1797 3637 1738 3561 1738
3494 3566 3494 3303 1230 3303 1230 3127
2398 2798 1410 2798 1410 1438 106 1438
85 2442 85 3061 3812 3061 3812 3390
1380 3449 1381 3449 1381 2298 1387 2298
488 1017 488 1018 3065 1018 3065 1386
2392 1221 3104 1221 3104 2430 3197 2430
3874 2688 3874 2988 2218 2988 2218 3029
738 768 1033 768 1033 2805 2616 2805
1711 2464 1711 2771 1972 2771 1972 3408
1475 1700 1475 967 2063 967 2063 524
612 2856 613 2856 613 2987 4000 2987
3305 2861 3305 2758 2928 2758 2928 2743
2065 1557 2064 1557 2064 52 580 52
1667 1504 1041 1504 1041 2860 723 2860
3302 3184 3713 3184 3713 1203 3756 1203
1859 1074 1859 1085 4081 1085 4081 2357
3262 2143 3262 2144 755 2144 755 2479
26 3030 27 3030 27 1138 1388 1138
1211 194 1281 194 1281 172 1379 172
3138 2070 3138 2065 3883 2065 3883 988
2747 1465 2373 1465 2373 1394 1579 1394
1416 2256 1416 2120 701 2120 701 1921
351 535 351 3075 921 3075 921 3635
1050 2657 1050 3394 1385 3394 1385 3527
911 4006 1561 4006 1561 3905 1733 3905
1180 200 1180 2813 1870 2813 1870 2932
294 3893 1053 3893 1053 1600 1495 1600
846 2264 846 1073 3451 1073 3451 767
1106 3615 1019 3615 1019 2872 743 2872
1139 513 1139 1036 1580 1036 1580 1101
3544 3166 3544 3108 3441 3108 3441 982
330 3673 330 3665 2662 3665 2662 3472
3257 1809 3124 1809 3124 1134 1264 1134
1453 1620 2052 1620 2052 1450 2054 1450
184 464 2064 464 2064 771 3634 771
483 1092 483 1059 701 1059 701 986
961 1565 961 1455 2315 1455 2315 1444
3171 683 3171 992 3334 992 3334 1374
788 1533 788 1114 104 1114 104 54
1890 81 1890 155 1475 155 1475 532
2202 1408 2202 1127 2997 1127 2997 95
1792 1873 3639 1873 3639 1679 3802 1679
3618 454 3655 454 3655 749 3858 749
1819 1279 1819 1280 796 1280 796 1784
3983 828 1112 828 1112 550 41 550
3304 2047 3995 2047 3995 1911 4001 1911
2139 223 3676 223 3676 567 3702 567
1075 1902 1075 1797 3244 1797 3244 1597
2349 393 2349 1076 2730 1076 2730 1146
4000 777 4000 765 1288 765 1288 728
1788 809 1789 809 1789 7 4046 7
104 463 2066 463 2066 687 3412 687
3657 978 3657 1218 3110 1218 3110 1284
2917 380 2905 380 2905 1604 2654 1604
791 1653 791 1715 3423 1715 3423 1823
1891 1160 2016 1160 2016 499 2089 499
2670 965 2670 970 413 970 413 1072
3962 1337 3962 923 3675 923 3675 445
3544 1300 3544 644 3200 644 3200 599
1571 657 1637 657 1637 577 1710 577
3872 557 2267 557 2267 457 1790 457
3586 1272 3586 970 1868 970 1868 448
160 313 160 1013 3316 1013 3316 2042
3233 904 3233 956 3931 956 3931 1793
3984 320 3984 1085 2056 1085 2056 1636
2196 1519 2178 1519 2178 1613 273 1613
3702 209 3702 406 3576 406 3576 748
2911 258 3128 258 3128 1063 3173 1063
764 1031 1325 1031 1325 1779 2124 1779
2443 335 1009 335 1009 1901 304 1901
2744 910 3127 910 3127 1579 3287 1579
3931 1402 3930 1402 3930 1719 2620 1719
2115 1161 1996 1161 1996 1004 1837 1004
1093 238 1093 239 3833 239 3833 811
100 1754 786 1754 786 1772 1919 1772
1213 2006 1544 2006 1544 1596 2375 1596
3920 1178 3920 1573 3437 1573 3437 1665
1313 146 3566 146 3566 1106 3594 1106
2608 1942 2034 1942 2034 1857 1658 1857
2067 142 2067 971 3025 971 3025 1070
454 1803 454 1123 2417 1123 2417 1108
3146 1408 3166 1408 3166 5 3187 5
2674 130 2066 130 2066 205 1399 205
3956 233 2723 233 2723 723 1496 723
3842 417 3706 417 3706 1968 2882 1968
2439 1619 2440 1619 2440 1690 2750 1690
1270 94 1194 94 1194 122 455 122
1170 1099 1085 1099 1085 1946 1078 1946
2980 1153 2980 929 2735 929 2735 860
2143 1467 2143 1087 3100 1087 3100 967
2958 1843 2958 1088 2147 1088 2147 10
3955 1543 3223 1543 3223 1575 2944 1575
3961 9 3087 9 3087 1075 2590 1075
3869 924 3496 924 3496 704 2498 704
2269 320 3525 320 3525 405 3674 405
3061 691 3060 691 3060 1007 2876 1007
2886 190 2886 1080 2665 1080 2665 1573
2663 139 2311 139 2311 887 2210 887
3196 528 3196 1129 2907 1129 2907 1529
2765 1396 3021 1396 3021 1986 3237 1986
2244 622 2244 1078 2517 1078 2517 1725
3565 460 3565 1573 3454 1573 3454 1824
3850 628 3848 628 3848 955 3821 955
3500 1084 3703 1084 3703 149 3805 149
3213 1513 3213 1776 2785 1776 2785 1828
2686 799 2686 736 2989 736 2989 42
3266 1156 3452 1156 3452 292 3584 292
4085 671 4084 671 4084 642 2534 642
2494 728 2494 824 3450 824 3450 1405
3202 81 3087 81 3087 941 2771 941
3805 1491 3805 966 2339 966 2339 382
2133 366 2134 366 2134 1101 2213 1101
2383 1099 3423 1099 3423 1669 3988 1669
2968 1215 3105 1215 3105 1389 3286 1389
3298 1917 3125 1917 3125 939 2551 939
2987 388 2983 388 2983 26 2966 26
2256 817 2256 833 3311 833 3311 885
4081 75 4081 112 3438 112 3438 306
2426 521 2771 521 2771 51 3510 51
3816 670 3815 670 3815 883 3708 883
2320 571 2990 571 2990 162 3551 162
2149 809 3093 809 3093 425 3865 425
3048 861 3048 717 2818 717 2818 581
2322 690 2322 660 3170 660 3170 646
3523 752 3099 752 3099 967 2104 967
2782 244 2782 259 3037 259 3037 951
3167 60 3167 61 2269 61 2269 269
3515 677 3515 645 2369 645 2369 612
2534 702 2535 702 2535 188 2624 188
2397 213 2398 213 2398 224 2723 224
2423 334 2423 72 2649 72 2649 50
2132 568 2131 568 2131 657 2101 657
2821 580 2988 580 2988 154 3011 154
2088 280 2090 280 2090 561 2370 561
2654 90 2489 90 2489 445 2366 445
2512 59 2235 59 2235 204 2224 204
2368 212 2223 212 2223 151 2150 151
2928 234 2927 234 2927 103 2743 103
2332 254 2312 254 2312 309 2210 309
2681 266 2682 266 2682 32 3016 32
3069 151 3033 151 3033 83 2998 83
3054 186 2781 186 2781 407 2694 407
2966 378 2966 379 2641 379
2616 393 2767 393 2767 413 2970 413
2756 216 2742 216 2742 73 2631 73
2769 352 2768 352 2768 75 2606 75
2628 213 2675 213 2675 110 2704 110
2569 469 2577 469 2577 203 2626 203
2758 31 2758 339 2753 339 2753 370
2722 290 2722 292 2599 292 2599 353
2581 505 2582 505 2582 267 2719 267
2562 462 2563 462 2563 308 2576 308
2751 458 2688 458 2688 349 2628 349
2635 501 2636 501 2636 370 2667 370
2757 338 2752 338 2752 430 2745 430
2717 349 2718 349 2718 332 2754 332
2786 290 2785 290 2785 423 2723 423
2740 292 2739 292 2739 290 2713 290
2698 502 2753 502 2753 406 2766 406
2725 464 2722 464 2722 420 2720 420
2733 302 2733 313 2705 313 2705 442
2740 361 2716 361 2716 321 2714 321
2714 447 2702 447 2702 265 2701 265
2688 284 2689 284 2689 382 2697 382
2747 286 2746 286 2746 299 2714 299
2694 331 2694 319 2726 319 2726 266
2712 277 2734 277 2734 311 2737 311
2700 276 2700 264 2722 264 2722 259
2688 331 2688 314 2719 314 2719 297
2691 295 2704 295 2704 282 2717 282
2720 296 2720 298 2705 298 2705 312
2713 269 2713 271 2703 271 2703 291
2713 265 2706 265 2706 270 2692 270
2707 268 2708 268 2708 310 2716 310
1318 1733 1377 1733 1377 1473 1571 1473
1376 1699 1320 1699 1320 1353 1129 1353
1427 1449 1426 1449 1426 1435 1375 1435
1386 1400 1385 1400 1385 1344 1329 1344
1292 1380 1293 1380 1293 1282 1461 1282
1413 1700 1414 1700 1414 1666 1467 1666
1605 1896 1604 1896 1604 2119 1391 2119
1140 1984 1199 1984 1199 1771 1517 1771
1319 2057 1319 2042 1473 2042 1473 1985
1359 2043 1447 2043 1447 2156 1558 2156
1217 1877 1218 1877 1218 1830 1436 1830
1159 2271 1160 2271 1160 2108 1189 2108
1261 2382 1260 2382 1260 2590 1157 2590
1342 2326 1342 2536 1540 2536 1540 2730
1188 2672 1189 2672 1189 2655 1373 2655
1330 2617 1330 2599 1547 2599 1547 2344
1467 2362 1468 2362 1468 2371 1515 2371
1535 2686 1534 2686 1534 2600 1473 2600
1442 3295 1441 3295 1441 3207 1213 3207
1131 3162 1131 2869 1268 2869 1268 2823
1153 2870 1153 3052 1219 3052 1219 3086
1474 3060 1304 3060 1304 2912 1155 2912
1286 3178 1492 3178 1492 3298 1526 3298
1585 3247 1585 3090 1269 3090 1269 3073
1651 1505 1667 1505 1667 1672 1738 1672
1814 1574 2045 1574 2045 1375 2051 1375
2070 1291 2070 1308 1884 1308 1884 1352
1682 1297 2055 1297 2055 1714 2115 1714
1687 1361 1829 1361 1829 1511 2006 1511
1775 1571 1775 1575 1878 1575 1878 1601
1910 1897 2120 1897 2120 2065
2061 1849 2060 1849 2060 2088 1806 2088
1996 1783 2081 1783 2081 1775
1825 1806 1825 1866 1769 1866 1769 2231
1924 2021 1695 2021 1695 2213 1665 2213
1694 1965 1693 1965 1693 2187 1650 2187
1791 2573 1792 2573 1792 2529 1978 2529
2065 2375 2064 2375 2064 2704 1624 2704
1662 2579 1663 2579 1663 2370 1999 2370
1879 2355 1965 2355 1965 2524 1974 2524
1799 2316 1800 2316 1800 2348 1814 2348
1821 2768 1821 2642 2087 2642 2087 2552
1985 3056 1985 3032 1708 3032 1708 3019
1698 3280 1724 3280 1724 3274 1994 3274
1922 3057 1869 3057 1869 2847 1711 2847
1976 3241 1975 3241 1975 3254 1630 3254
2037 3033 2036 3033 2036 3177 2000 3177
1864 2883 1863 2883 1863 3274 1723 3274
2291 1349 2377 1349 2377 1510 2448 1510
2375 1429 2375 1412 2242 1412 2242 1357
2146 1381 2147 1381 2147 1363 2216 1363
2263 1511 2376 1511 2376 1321 2455 1321
2521 1354 2520 1354 2520 1346 2505 1346
2186 1709 2217 1709 2217 1268 2557 1268
2496 1854 2495 1854 2495 1887 2218 1887
2584 1975 2583 1975 2583 1963 2203 1963
2632 1824 2632 1970 2138 1970 2138 1979
2361 1850 2202 1850 2202 2240 2185 2240
2403 1888 2271 1888 2271 2124 2204 2124
2282 1917 2282 2082 2514 2082 2514 2119
2427 2568 2444 2568 2444 2380 2619 2380
2351 2347 2277 2347 2277 2736 2247 2736
2495 2631 2340 2631 2340 2600 2138 2600
2448 2628 2449 2628 2449 2583 2563 2583
2442 2628 2340 2628 2340 2568 2124 2568
2593 2643 2592 2643 2592 2534 2569 2534
2376 3268 2375 3268 2375 3037 2321 3037
2583 3098 2582 3098 2582 2827 2380 2827
2500 3257 2499 3257 2499 3102 2413 3102
2296 3082 2296 3059 2202 3059 2202 2906
2224 3177 2304 3177 2304 3107 2439 3107
2318 3211 2319 3211 2319 2965 2508 2965
3103 1649 3103 1379 2933 1379 2933 1319
3119 1743 3119 1688 2674 1688 2674 1655
2760 1268 3035 1268 3035 1422 3043 1422
3012 1512 2943 1512 2943 1632 2730 1632
2675 1464 2676 1464 2676 1398 2693 1398
2655 1649 2932 1649 2932 1747 2962 1747
2942 2202 2943 2202 2943 1922 2967 1922
2877 2010 2878 2010 2878 2117 3038 2117
2836 1805 2837 1805 2837 1808 3090 1808
3028 2269 2935 2269 2935 1798 2838 1798
2878 1957 2980 1957 2980 1941 2993 1941
2762 1923 2761 1923 2761 1767 2707 1767
3041 2531 3075 2531 3075 2702 3108 2702
2836 2561 2840 2561 2840 2343 3009 2343
2811 2508 2811 2497 3079 2497 3079 2421
2874 2309 2873 2309 2873 2307 2854 2307
3115 2690 3115 2734 2755 2734 2755 2749
2825 2511 2834 2511 2834 2554 2911 2554
3124 2869 3121 2869 3121 3129 2811 3129
2956 3203 2948 3203 2948 2972 2875 2972
2715 2879 2715 3036 2646 3036 2646 3158
3068 2803 3067 2803 3067 3145 3033 3145
3020 2839 3019 2839 3019 3099 2949 3099
3113 2826 3112 2826 3112 3242 2998 3242
1975 1754 1585 1754 1585 1747 1504 1747
1295 1748 1295 1756 1588 1756 1588 1788
1753 1748 1977 1748 1977 1769 2065 1769
1948 1767 1947 1767 1947 1755 1411 1755
1703 1742 2082 1742 2082 1777 2114 1777
1134 2254 1138 2254 1138 2288 1151 2288
1160 2289 1235 2289 1235 2258 1322 2258
2110 2262 1973 2262 1973 2254 1514 2254
1144 2297 1143 2297 1143 2293 1120 2293
1676 2255 1677 2255 1677 2277 2096 2277
1164 2794 1440 2794 1440 2780 1994 2780
1438 2780 1505 2780 1505 2812 2094 2812
1957 2802 1595 2802 1595 2782 1545 2782
1596 2791 1596 2767 1321 2767 1321 2766
2035 2766 2035 2777 1159 2777 1159 2802
1741 1785 2125 1785 2125 1761 2569 1761
1853 1778 1854 1778 1854 1773 2265 1773
1771 1784 1773 1784 1773 1787 2591 1787
1724 1743 1725 1743 1725 1786 1772 1786
2025 1781 2024 1781 2024 1777 1889 1777
2486 2290 2397 2290 2397 2282 1742 2282
1888 2289 1691 2289 1691 2300 1663 2300
2486 2278 2485 2278 2485 2286 1770 2286
1974 2258 2104 2258 2104 2275 2274 2275
2082 2289 2126 2289 2126 2293 2454 2293
2413 2814 2413 2805 2528 2805 2528 2780
1746 2805 1798 2805 1798 2794 2102 2794
1730 2763 1817 2763 1817 2769 1987 2769
1816 2766 2128 2766 2128 2771 2444 2771
1833 2799 1833 2804 2557 2804 2557 2805
2756 1782 2756 1772 2237 1772 2237 1764
2720 1739 2720 1766 2242 1766
2340 1756 2341 1756 2341 1782 2343 1782
3020 1775 3019 1775 3019 1770 2291 1770
2478 1788 2479 1788 2479 1753 2550 1753
2664 2257 2663 2257 2663 2279 2585 2279
2398 2288 2399 2288 2399 2259 2471 2259
2582 2279 2583 2279 2583 2261 2869 2261
2304 2273 2303 2273 2303 2258 2211 2258
2978 2258 2979 2258 2979 2296 2997 2296
2865 2798 2864 2798 2864 2763 2472 2763
2231 2796 2230 2796 2230 2766 2161 2766
2806 2764 2806 2775 2159 2775 2159 2791
2126 2771 2127 2771 2127 2773 2420 2773
3086 2789 3085 2789 3085 2785 2417 2785
1635 2016 1635 2120 1585 2120 1585 2228
1608 1848 1609 1848 1609 1884 1627 1884
1615 1681 1603 1681 1603 2049 1592 2049
1611 2239 1612 2239 1612 1427 1613 1427
1634 2035 1634 2088 1606 2088 1606 2201
1589 2042 1586 2042 1586 2438
1602 2642 1603 2642 1603 2345 1606 2345
1623 2048 1623 1892 1605 1892 1605 1837
1609 2065 1610 2065 1610 1922
1595 2774 1603 2774 1603 2626 1606 2626
1588 2982 1607 2982 1607 2562 1616 2562
1632 3201 1617 3201 1617 2439 1612 2439
1602 2372 1620 2372 1620 3040 1630 3040
1624 2343 1587 2343 1587 3231
1618 2776 1616 2776 1616 2763 1594 2763
2097 2013 2097 1923 2112 1923 2112 1292
2137 1767 2138 1767 2138 1770
2096 1387 2097 1387 2097 1830 2103 1830
2134 1274 2133 1274 2133 1280 2132 1280
2139 1991 2137 1991 2137 1925 2118 1925
2114 2066 2121 2066 2121 2637 2142 2637
2142 2775 2111 2775 2111 2505
2134 2194 2133 2194 2133 1766 2132 1766
2117 2184 2118 2184 2118 2361 2120 2361
2129 2604 2130 2604 2130 1987 2132 1987
2138 2456 2138 2457 2100 2457 2100 2829
2117 2649 2120 2649 2120 2290 2125 2290
2146 3003 2145 3003 2145 3246 2137 3246
2133 2475 2132 2475 2132 2724 2127 2724
2129 2971 2112 2971 2112 2626 2110 2626
2653 1534 2653 1650 2656 1650 2656 1762
2629 1290 2640 1290 2640 1988 2643 1988
2633 1952 2634 1952 2634 1551 2651 1551
2654 1920 2638 1920 2638 1384 2619 1384
2630 2078 2629 2078 2629 2105 2621 2105
2641 2239 2642 2239 2642 1920 2643 1920
2654 2524 2653 2524 2653 2571 2630 2571
2633 2319 2620 2319 2620 1861 2610 1861
2618 1849 2618 2247 2646 2247 2646 2601
2647 1958 2646 1958 2646 2462 2632 2462
2655 3035 2655 2997 2636 2997 2636 2909
2628 2859 2627 2859 2627 2407 2626 2407
2621 2766 2622 2766 2622 3200 2641 3200
2643 2998 2642 2998 2642 3085 2637 3085
2629 2354 2629 2572 2642 2572 2642 2683
2726 2409 2669 2409 2669 2741 1212 2741
2581 1335 2816 1335 2816 2485 2839 2485
2801 1725 2721 1725 2721 2175 2627 2175
2388 1513 2388 1724 1467 1724 1467 1942
1301 2700 1301 2314 2883 2314 2883 1826
2418 2701 2545 2701 2545 1912 2575 1912
2296 1765 2290 1765 2290 1785 2244 1785
2714 2841 2366 2841 2366 1990 1604 1990
2544 1372 3092 1372 3092 2863 3113 2863
1322 1866 1736 1866 1736 2094 2413 2094
2247 1427 2247 1721 2815 1721 2815 3188
1435 2454 1435 2321 2931 2321 2931 1696
1464 1838 1464 2125 2878 2125 2878 2825
1735 2053 1698 2053 1698 2975
2102 1924 2103 1924 2103 3120 2303 3120
2192 2523 2192 1741 1725 1741 1725 1492
2015 2493 2015 2311 1329 2311 1329 1984
1667 2762 2564 2762 2564 2487 2576 2487
2463 1655 2460 1655 2460 1277 2317 1277
2639 1882 2639 2000 2272 2000 2272 2179
2699 2355 2136 2355 2136 2422 1696 2422
1517 3199 1517 3177 1339 3177 1339 1407
1127 3050 1127 2004 1222 2004 1222 1881
1372 1873 1371 1873 1371 1850 1305 1850
1833 2215 1833 2240 1259 2240 1259 3181
1618 1893 1618 2229 1469 2229 1469 2476
1547 2109 1557 2109 1557 1726 1814 1726
2091 1345 2091 3058 1701 3058 1701 3086
2017 2542 2017 1929 1874 1929 1874 1778
1788 1424 1583 1424 1583 2797 1485 2797
1585 2238 1585 2276 1524 2276 1524 2297
1309 2722 1309 3041 1829 3041 1829 3142
1880 1930 1649 1930 1649 2260 1567 2260
1765 1837 1702 1837 1702 1728 1475 1728
1181 1601 1182 1601 1182 1417 1564 1417
1515 1704 1516 1704 1516 1719 1983 1719
1529 1492 1529 1503 1945 1503 1945 1599
1340 1484 1340 1607 1858 1607 1858 1654
1978 1404 1977 1404 1977 1616 1865 1616
1982 1412 1982 1333 1515 1333 1515 1271
1385 1710 1623 1710 1623 1468 1663 1468
1754 1513 1754 1469 2083 1469 2083 1456
1707 1461 1755 1461 1755 1383 1814 1383
1983 1310 2026 1310 2026 1299
1835 1521 1828 1521 1828 1391 1779 1391
1610 1630 1610 1388 1796 1388 1796 1373
1845 1472 1846 1472 1846 1521 1946 1521
1891 1253 1788 1253 1788 1387 1753 1387
1835 1378 1836 1378 1836 1334 1913 1334
1762 1485 1762 1471 2044 1471 2044 1376
2041 1309 2041 1463 1622 1463 1622 1505
2039 1390 1761 1390 1761 1420 1734 1420
2113 1368 2113 1313 1961 1313 1961 1311
2044 1269 1896 1269 1896 1353 1838 1353
1623 1279 1640 1279 1640 1267 1867 1267
1919 1380 1996 1380 1996 1319 2000 1319
1707 1359 1707 1312 1825 1312 1825 1297
2112 1314 1864 1314 1864 1260 1791 1260
1847 1281 1847 1290 1789 1290 1789 1313
1908 1284 1908 1285 2049 1285 2049 1292
1838 1289 1728 1289 1728 1275 1654 1275
1611 1305 1611 1290 2118 1290 2118 1275
1776 1254 1731 1254 1731 1274 1649 1274
1777 1253 1777 1254 1951 1254 1951 1274
1789 1284 1789 1283 1981 1283 1981 1267
1729 1281 1732 1281 1732 1265 1774 1265
2068 1257 2026 1257 2026 1262 1747 1262
