4096 4096
595
44 234 45 234 45 673 602 673
985 224 774 224 774 208 441 208
618 922 606 922 606 240 475 240
589 527 588 527 588 432 413 432
389 643 389 923 818 923 818 1021
253 17 48 17 48 505 47 505
409 693 388 693 388 387 184 387
1021 418 879 418 879 311 694 311
372 54 777 54 777 212 783 212
615 501 614 501 614 424 597 424
160 809 161 809 161 447 481 447
157 985 157 894 778 894 778 726
309 829 321 829 321 98 386 98
255 695 254 695 254 757 210 757
78 100 78 217 880 217 880 327
843 951 843 214 776 214 776 126
715 857 714 857 714 771 457 771
678 677 547 677 547 524 502 524
703 392 702 392 702 580 607 580
458 619 967 619 967 815 982 815
423 471 423 694 845 694 845 919
798 273 798 305 129 305 129 677
830 216 440 216 440 108 118 108
433 1558 361 1558 361 1944 235 1944
900 1538 899 1538 899 1952 314 1952
513 1415 455 1415 455 1521 325 1521
471 1216 476 1216 476 1109 616 1109
364 1582 762 1582 762 1686 769 1686
322 1331 322 1347 153 1347 153 1821
1000 1374 987 1374 987 1108 464 1108
202 2009 202 1981 841 1981 841 1612
536 1284 323 1284 323 1900 306 1900
616 1808 803 1808 803 1467 932 1467
550 2036 550 1557 324 1557 324 1458
248 1083 976 1083 976 1857 997 1857
709 1561 709 1456 160 1456 160 1175
253 1031 254 1031 254 1346 266 1346
802 1478 802 1562 318 1562 318 1781
137 1056 161 1056 161 1236 531 1236
305 1195 304 1195 304 1113 137 1113
924 1286 840 1286 840 1917 506 1917
228 1829 319 1829 319 1679 761 1679
529 1572 362 1572 362 1636 266 1636
227 1457 227 1901 453 1901 453 1933
206 1828 207 1828 207 1972 494 1972
274 1339 274 1347 36 1347 36 1843
797 3015 352 3015 352 3050 276 3050
780 2444 781 2444 781 2687 864 2687
588 2655 588 2544 911 2544 911 2487
762 2788 741 2788 741 2502 441 2502
103 2076 104 2076 104 2912 777 2912
345 2672 262 2672 262 2379 163 2379
798 2098 798 2107 701 2107 701 2988
992 2732 933 2732 933 2108 709 2108
409 2811 882 2811 882 2629 892 2629
551 2449 551 2450 382 2450 382 2559
725 2106 439 2106 439 2460 427 2460
279 2339 283 2339 283 2190 527 2190
595 2565 324 2565 324 2231 293 2231
873 2111 125 2111 125 2819 98 2819
813 2862 440 2862 440 3059 419 3059
742 2515 743 2515 743 2472 830 2472
185 2962 185 2564 160 2564 160 2215
37 2226 326 2226 326 2246 844 2246
1011 2773 1011 2812 441 2812 441 2898
197 2180 209 2180 209 2921 562 2921
728 3772 728 3770 108 3770 108 3721
901 3629 881 3629 881 3225 486 3225
347 3402 120 3402 120 3832 104 3832
802 3847 621 3847 621 3566 595 3566
121 3469 122 3469 122 3959 385 3959
970 4019 558 4019 558 3268 476 3268
134 3351 135 3351 135 3356 949 3356
807 3736 807 3720 36 3720 36 3411
450 3793 450 3773 804 3773 804 3249
162 3199 163 3199 163 3757 276 3757
475 3525 489 3525 489 3599
343 3580 348 3580 348 3289 857 3289
631 4022 630 4022 630 4058 15 4058
386 4017 66 4017 66 3407 36 3407
836 3616 820 3616 820 3227 603 3227
267 3714 267 3668 728 3668 728 3432
550 3532 550 3401 81 3401 81 3354
691 3352 791 3352 791 3500 849 3500
296 3946 297 3946 297 3233 565 3233
821 3541 821 3661 885 3661 885 3951
1002 3474 880 3474 880 3385 430 3385
502 3771 501 3771 501 3887 67 3887
1222 958 1458 958 1458 715 1539 715
1647 347 1743 347 1743 998 1769 998
1217 340 1216 340 1216 144 1208 144
1471 651 1470 651 1470 363 1450 363
1465 201 1449 201 1449 979 1448 979
1367 880 1368 880 1368 155 1523 155
1356 456 1355 456 1355 460 1117 460
1295 177 1701 177 1701 922
1692 630 1691 630 1691 454 1680 454
1633 662 1457 662 1457 846 1435 846
1525 457 1430 457 1430 873 1041 873
2004 927 1335 927 1335 905 1284 905
1109 946 1110 946 1110 953 1420 953
1642 768 1641 768 1641 133 1179 133
1866 977 1866 908 1538 908 1538 803
1123 244 1124 244 1124 62 1658 62
1442 124 1556 124 1556 946 1583 946
1712 299 1711 299 1711 55 1452 55
1982 76 1982 277 1458 277 1458 674
1862 481 2008 481 2008 173 2031 173
1546 683 1547 683 1547 763 1552 763
1570 1480 1571 1480 1571 1619 1576 1619
1254 1145 1222 1145 1222 1343 1145 1343
1178 1894 1178 1876 1280 1876 1280 1829
1882 1973 1978 1973 1978 1067 2003 1067
1061 1390 1069 1390 1069 1914 1141 1914
1935 1371 1934 1371 1934 1068 1392 1068
1278 1079 1277 1079 1277 1683 1239 1683
1349 1846 1328 1846 1328 1635 1306 1635
1375 1323 1375 1401 1343 1401 1343 1618
1372 1202 1372 1067 1645 1067 1645 1030
1333 2034 1332 2034 1332 1639 1329 1639
1062 1688 1263 1688 1263 1628 1467 1628
1381 1337 1382 1337 1382 1366 1825 1366
1405 1602 1553 1602 1553 2000 1869 2000
2037 1356 2034 1356 2034 1059 1843 1059
1623 1309 1826 1309 1826 1813 1847 1813
2018 1848 2019 1848 2019 1607 2046 1607
1650 1508 1380 1508 1380 1053 1082 1053
1647 1043 1824 1043 1824 1374 1924 1374
1223 1270 1333 1270 1333 1655 1415 1655
1568 2041 1870 2041 1870 1693 1997 1693
1050 2881 1050 2872 1954 2872 1954 2764
1768 2817 1711 2817 1711 2104 1312 2104
1301 2278 1431 2278 1431 2665 1490 2665
1784 3067 1697 3067 1697 2344 1684 2344
1844 2494 1845 2494 1845 2167 2023 2167
1251 2220 1251 2208 1543 2208 1543 2152
1632 2409 1632 2454 1175 2454 1175 2662
1577 2167 1577 2212 1045 2212 1045 2340
1562 2910 1955 2910 1955 2434 1976 2434
1517 3018 1419 3018 1419 2776 1149 2776
1206 2667 1206 2534 1898 2534 1898 2121
1402 2743 1349 2743 1349 2622 1305 2622
1445 2052 1442 2052 1442 2862 1381 2862
1300 2283 1300 2416 1164 2416 1164 2975
1651 2589 1652 2589 1652 2550 1892 2550
1473 2363 1472 2363 1472 2138 1423 2138
1254 2478 1402 2478 1402 2695 1813 2695
1613 2408 1612 2408 1612 2121 1286 2121
1256 2055 1295 2055 1295 2062 1439 2062
1197 2866 1412 2866 1412 3059 1543 3059
1512 2236 1512 2863 1420 2863 1420 3012
1109 2755 1403 2755 1403 2703 1911 2703
1853 2203 1852 2203 1852 2948 1742 2948
1352 3535 1113 3535 1113 3654
1816 3245 1653 3245 1653 3322 1174 3322
1200 3468 1201 3468 1201 3691 1219 3691
1133 3476 1353 3476 1353 3582 1822 3582
1174 4012 1175 4012 1175 4054 1446 4054
1192 3118 1686 3118 1686 3347 1812 3347
1164 3972 1799 3972 1799 3438 1839 3438
1881 3316 1880 3316 1880 3778 1478 3778
1982 4018 1981 4018 1981 4011 1591 4011
1247 3657 1290 3657 1290 3988 1919 3988
1378 4009 1379 4009 1379 3213 1549 3213
1794 3113 1870 3113 1870 3247 1880 3247
1944 3382 1804 3382 1804 3605 1776 3605
1564 3622 1665 3622 1665 3358 1837 3358
1713 3567 1712 3567 1712 3925 1612 3925
2031 3770 2000 3770 2000 3831 1634 3831
1075 3631 1287 3631 1287 3661 1798 3661
1959 4049 1837 4049 1837 3533 1805 3533
1608 3288 1608 3305 1077 3305 1077 3567
1654 3279 1653 3279 1653 3575 1599 3575
2002 3816 2001 3816 2001 3983 1439 3983
2856 419 2855 419 2855 354 2822 354
2762 964 2995 964 2995 24 2996 24
2785 895 2773 895 2773 11 2344 11
2183 645 2184 645 2184 931 2972 931
2706 325 2462 325 2462 836 2444 836
2934 317 2934 299 3035 299 3035 168
2277 142 2278 142 2278 267 2364 267
2759 970 2758 970 2758 631 2475 631
2537 218 2538 218 2538 881 2613 881
2861 275 2462 275 2462 468 2366 468
2854 932 2772 932 2772 321 2492 321
2521 1012 2614 1012 2614 379 2632 379
3023 648 2771 648 2771 407 2463 407
2286 374 2286 314 2608 314 2608 164
2390 659 2389 659 2389 806 2209 806
2228 799 2228 141 2451 141 2451 34
3065 182 3064 182 3064 214 2525 214
3012 945 2770 945 2770 643 2434 643
2980 1011 2979 1011 2979 568 2912 568
2774 542 3038 542 3038 289 3071 289
2892 950 2891 950 2891 145
2934 1920 2530 1920 2530 1226 2298 1226
2531 1533 2532 1533 2532 1742 2822 1742
2678 1861 2679 1861 2679 1248 2774 1248
3024 1167 3024 1195 2199 1195 2199 1390
2744 1521 2743 1521 2743 1371 2739 1371
2163 1892 2164 1892 2164 1862 2841 1862
2717 1768 2717 1887 2932 1887 2932 1948
2137 1690 2137 1716 2523 1716 2523 1741
3042 1919 3042 1714 2570 1714 2570 1533
2270 1693 2162 1693 2162 1898 2110 1898
3004 1384 3004 1324 2295 1324 2295 1155
2805 1049 2678 1049 2678 1774 2579 1774
2423 1194 2422 1194 2422 1103 2334 1103
3028 1608 3027 1608 3027 1661 2685 1661
2782 1991 2730 1991 2730 1225 2728 1225
2731 1494 2732 1494 2732 1406 2814 1406
2723 1644 2722 1644 2722 1091 2696 1091
2138 1622 2272 1622 2272 1740 2798 1740
2252 1583 2252 1543 2463 1543 2463 1380
2386 1277 2229 1277 2229 1435 2202 1435
2147 1465 2148 1465 2148 1978 2239 1978
2259 2035 2259 2000 2920 2000 2920 1935
2272 1544 2272 1825 3038 1825 3038 1831
2783 2561 2784 2561 2784 2619 3004 2619
2160 2677 2159 2677 2159 2897 2085 2897
3028 2053 3028 2054 2999 2054 2999 2230
2056 2752 2056 2968 2887 2968 2887 2969
2709 3019 2731 3019 2731 2166 2805 2166
2323 2288 2323 2548 2367 2548 2367 2594
2132 2389 2294 2389 2294 2836 2645 2836
2103 2827 2239 2827 2239 3023 2527 3023
2453 2492 2509 2492 2509 2130 2561 2130
2326 2967 2687 2967 2687 2137 2723 2137
3009 2720 3008 2720 3008 2485 3001 2485
2557 2584 2665 2584 2665 2423 2686 2423
2718 2560 2719 2560 2719 2543 2869 2543
2460 2082 2459 2082 2459 2122 2213 2122
2156 2878 2157 2878 2157 2423 2293 2423
2347 2352 2348 2352 2348 2549 2557 2549
2730 2248 2687 2248 2687 2663 2070 2663
2675 2125 2674 2125 2674 3046 2371 3046
2678 2304 2346 2304 2346 2381 2078 2381
2300 2858 2687 2858 2687 2264 2905 2264
2398 3627 2130 3627 2130 3872 2074 3872
2685 3503 2684 3503 2684 3702 2566 3702
2425 3099 2297 3099 2297 3078 2200 3078
2750 3074 2749 3074 2749 3128 2470 3128
2395 4055 2145 4055 2145 3836 2131 3836
3067 4053 3067 3077 2422 3077 2422 3074
2994 3200 2313 3200 2313 3116 2129 3116
2128 3244 2127 3244 2127 4075 2106 4075
2622 3262 2476 3262 2476 4030 2378 4030
2935 3820 2872 3820 2872 3403 2281 3403
2834 3097 2834 3202 2099 3202 2099 3343
2051 3653 2052 3653 2052 3586 2266 3586
2052 3691 2053 3691 2053 3768 2454 3768
2903 3955 2475 3955 2475 3666 2192 3666
2409 4021 2904 4021 2904 3119 2922 3119
2393 3412 2393 3784 2827 3784 2827 4038
2492 3143 2469 3143 2469 3122 2314 3122
2394 3230 2126 3230 2126 3438 2105 3438
2977 4056 2977 3705 2477 3705 2477 3535
2400 3111 2923 3111 2923 3558 3058 3558
3421 237 3421 255 3782 255 3782 906
3678 597 3880 597 3880 979 3918 979
4051 821 4050 821 4050 44 4018 44
3480 207 3481 207 3481 187 3626 187
3291 392 3290 392 3290 965 3248 965
3891 143 3915 143 3915 770 4081 770
3114 438 3115 438 3115 370 3885 370
3979 474 3979 142 3165 142 3165 86
3931 568 3980 568 3980 137 4026 137
3870 701 3550 701 3550 927 3547 927
3864 451 3760 451 3760 213 3550 213
3625 585 3881 585 3881 798 4091 798
3788 531 3756 531 3756 407 3234 407
3989 479 3990 479 3990 435 4087 435
3476 908 3477 908 3477 300 3582 300
3761 394 3886 394 3886 254 4081 254
3914 157 3913 157 3913 511 3764 511
3682 618 3496 618 3496 409 3339 409
3309 224 3310 224 3310 952 3779 952
3433 50 3434 50 3434 141 3922 141
3758 423 3757 423 3757 394 3165 394
4037 655 4036 655 4036 569 3497 569
3096 1711 3096 1980 3713 1980 3713 2014
3138 1353 3797 1353 3797 1434 3882 1434
3757 1453 3468 1453 3468 1852 3148 1852
3654 1803 3534 1803 3534 1136 3445 1136
4061 1786 4060 1786 4060 1846 3469 1846
3535 1175 3536 1175 3536 1446 3603 1446
3939 1298 3938 1298 3938 1211 3348 1211
3784 1210 3784 1447 3317 1447 3317 1889
3705 1207 3798 1207 3798 1080 4020 1080
3425 1964 3347 1964 3347 1170 3324 1170
3770 1056 3770 1067 3190 1067 3190 1822
3695 1497 3696 1497 3696 1457 4038 1457
3258 1239 3258 1268 3510 1268 3510 1315
3818 1535 3694 1535 3694 1472 3591 1472
3832 1751 3831 1751 3831 1103 3656 1103
3474 1245 3883 1245 3883 1513 3917 1513
3365 1686 3365 1456 3796 1456 3796 1408
3467 1856 3468 1856 3468 1905 3808 1905
3365 1782 3366 1782 3366 1708 3990 1708
3573 2029 3573 1978 3098 1978 3098 1331
3450 2895 3520 2895 3520 2657 3557 2657
3082 2416 3081 2416 3081 2149 3076 2149
3776 3046 3871 3046 3871 2569 3872 2569
3518 2715 3519 2715 3519 2204 3556 2204
3961 2978 3961 2093 3779 2093 3779 2061
3871 2416 3870 2416 3870 2804 3345 2804
3910 2556 3910 2395 3202 2395 3202 2094
3253 2933 3873 2933 3873 2405 4057 2405
3415 2934 3478 2934 3478 3063 3490 3063
3535 2420 3536 2420 3536 2205 3620 2205
3246 2615 3245 2615 3245 2819 3119 2819
3943 3043 3942 3043 3942 2865 3586 2865
3448 2103 3738 2103 3738 2633 3784 2633
3467 2631 3278 2631 3278 2295 3254 2295
3431 2880 3431 2864 3964 2864 3964 2346
3286 2049 3287 2049 3287 2315 3471 2315
3762 2647 3762 2592 3907 2592 3907 2061
3279 2393 3491 2393 3491 3071 3905 3071
3860 2258 3692 2258 3692 2201 3232 2201
3243 2839 3479 2839 3479 2356 3490 2356
3328 3736 3329 3736 3329 3323 3377 3323
3550 3791 3550 3773 3892 3773 3892 3747
3910 3884 3909 3884 3909 3719 3586 3719
3723 3843 3723 3732 3508 3732 3508 3203
4005 3470 4005 3628 3860 3628 3860 3753
3490 3698 4006 3698 4006 3501 4083 3501
4027 3614 4026 3614 4026 3809 3161 3809
3248 3297 3247 3297 3247 3101 3229 3101
3929 3135 3506 3135 3506 3338 3351 3338
3409 4058 3410 4058 3410 3828 3657 3828
3666 3552 3539 3552 3539 3136 3158 3136
3365 3693 3364 3693 3364 3775 3360 3775
3935 3916 3934 3916 3934 4037 3353 4037
3352 3312 3350 3312 3350 3993 3347 3993
3948 3426 3947 3426 3947 3419 3541 3419
3262 3409 3366 3409 3366 3767 3936 3767
4013 4075 3346 4075 3346 3937 3241 3937
3171 3340 3249 3340 3249 3236 3280 3236
3233 3734 3233 3903 3358 3903 3358 3954
3540 3270 3949 3270 3949 3797 4081 3797
3997 3902 3359 3902 3359 3718 3244 3718
3246 3353 3245 3353 3245 3698 3178 3698
3408 3569 3407 3569 3407 3348 3310 3348
1872 974 1872 978 1611 978 1611 1066
615 1015 616 1015 616 1025 1825 1025
1055 1015 1055 1026 1275 1026 1275 1037
1561 1010 1561 1026 1700 1026 1700 1057
910 988 911 988 911 1038 1399 1038
1801 2058 1097 2058 1097 2082 803 2082
1657 2074 1673 2074 1673 2020 1682 2020
211 2059 212 2059 212 2090 342 2090
749 2035 750 2035 750 1997 1025 1997
1157 2016 1158 2016 1158 2032 1672 2032
1440 3066 1138 3066 1138 3104 1076 3104
690 3049 691 3049 691 3036 1306 3036
1272 3059 1075 3059 1075 3104 200 3104
386 3037 387 3037 387 3092 1702 3092
1239 3051 1273 3051 1273 3084 1891 3084
2632 984 2482 984 2482 1000 2161 1000
1827 1020 1828 1020 1828 1047 2214 1047
2514 1010 2320 1010 2320 1015 1538 1015
1230 979 1231 979 1231 1021 1292 1021
3001 993 3001 1001 1650 1001 1650 1020
2309 2078 2308 2078 2308 2051 1678 2051
1125 2083 1658 2083 1658 2057 2751 2057
1057 2034 1058 2034 1058 2007 2909 2007
1311 2035 1446 2035 1446 2072 1626 2072
1656 2092 1156 2092 1156 2003 1057 2003
1285 3073 1785 3073 1785 3047 2247 3047
2704 3069 2703 3069 2703 3025 1698 3025
2681 3048 2199 3048 2199 3102 1139 3102
2407 3039 2370 3039 2370 3046 1843 3046
2694 3046 2694 3049 1059 3049 1059 3053
2845 1036 2844 1036 2844 1041 2081 1041
3332 1061 3332 1035 2535 1035 2535 1029
2321 1011 2321 1032 3517 1032 3517 1056
2483 994 3077 994 3077 1004 3219 1004
3633 1066 3632 1066 3632 1009 2189 1009
2709 2008 2709 2018 3853 2018 3853 2083
3602 2082 3602 2048 2416 2048 2416 2035
2310 2062 2311 2062 2311 2026 2633 2026
2804 2047 2864 2047 2864 2012 3155 2012
2853 2001 3156 2001 3156 2036 3904 2036
3477 3062 3476 3062 3476 3063 3130 3063
4000 3063 4000 3072 2438 3072 2438 3108
3042 3031 3043 3031 3043 3035 3897 3035
3541 3088 3542 3088 3542 3122 3921 3122
3714 3087 3129 3087 3129 3058 3049 3058
1011 1511 1012 1511 1012 1708 1050 1708
973 1956 974 1956 974 915 1006 915
1050 701 1051 701 1051 112 1055 112
1054 1130 1030 1130 1030 585 1019 585
1011 233 1010 233 1010 368 990 368
1034 1726 1036 1726 1036 2785 1067 2785
988 1324 1028 1324 1028 2857 1074 2857
1026 1719 1026 1998 1023 1998 1023 2614
1022 1313 1027 1313 1027 3005 1074 3005
1070 2649 1056 2649 1056 1326 1033 1326
990 2607 1012 2607 1012 3164 1065 3164
1033 2880 1033 2871 1070 2871 1070 2556
1074 2329 1073 2329 1073 2289 976 2289
1073 3920 1021 3920 1021 3374 1003 3374
1000 3715 1001 3715 1001 3820 1009 3820
2036 1242 2074 1242 2074 1829 2079 1829
2032 12 2033 12 2033 223 2073 223
2048 1534 2048 1419 2035 1419 2035 913
2045 1766 2045 869 2046 869
2081 401 2080 401 2080 455 2038 455
2050 2125 2051 2125 2051 1330 2090 1330
2065 2060 2060 2060 2060 2509 2029 2509
2059 1986 2058 1986 2058 1715 2054 1715
2063 1893 2061 1893 2061 2538 2052 2538
2002 2695 2002 2402 2049 2402 2049 1209
2035 4062 2037 4062 2037 3959 2060 3959
2030 3148 2031 3148 2031 3527 2095 3527
2057 2403 2028 2403 2028 3526 1997 3526
2054 3265 2053 3265 2053 3287
2062 2301 2062 2539 2034 2539 2034 3758
3112 961 3112 441 3081 441 3081 139
3057 128 3056 128 3056 1030 3030 1030
3076 995 3075 995 3075 1507 3022 1507
3067 816 3097 816 3097 1979 3122 1979
3076 932 3075 932 3075 928 3042 928
3082 2794 3089 2794 3089 1769 3094 1769
3079 1192 3071 1192 3071 1614 3044 1614
3093 1701 3090 1701 3090 3029 3024 3029
3044 2468 3045 2468 3045 2469 3087 2469
3040 1764 3041 1764 3041 2047 3051 2047
3110 2388 3109 2388 3109 2632 3086 2632
3026 3567 3027 3567 3027 2115 3088 2115
3102 3477 3103 3477 3103 3989 3107 3989
3100 2275 3101 2275 3101 2593 3110 2593
3104 3050 3103 3050 3103 2797 3091 2797
1112 3180 1112 3110 3899 3110 3899 2551
2737 3176 2080 3176 2080 693 713 693
2367 3052 3111 3052 3111 1787 3296 1787
3627 1315 3627 1316 3241 1316 3241 2862
55 2795 56 2795 56 2160 206 2160
3879 650 3878 650 3878 3927 589 3927
1617 3330 1617 3212 975 3212 975 1559
1430 2324 1430 983 3749 983 3749 728
1820 3580 3113 3580 3113 496 3638 496
1196 1259 961 1259 961 2555 773 2555
171 1452 934 1452 934 2415 1206 2415
3203 4046 103 4046 103 3803 78 3803
2759 2655 3109 2655 3109 2609 3478 2609
172 1970 173 1970 173 1121 1028 1121
1463 727 1448 727 1448 1792 1412 1792
2007 306 2006 306 2006 102 1442 102
3774 469 2388 469 2388 770 2331 770
1772 188 1429 188 1429 1051 1032 1051
1613 2630 1956 2630 1956 3706 2861 3706
882 3434 932 3434 932 559 1645 559
1946 3223 1979 3223 1979 1909 2043 1909
497 1209 1998 1209 1998 3108 2460 3108
1443 2812 1912 2812 1912 2266 2508 2266
475 1124 210 1124 210 3177 205 3177
3080 2955 3080 2052 2441 2052 2441 1319
2496 1556 2496 2019 2900 2019 2900 3102
2366 137 2365 137 2365 132 230 132
2073 1819 2073 3348 1479 3348 1479 3439
1859 1008 3634 1008 3634 1133 3797 1133
1192 83 2994 83 2994 223 3003 223
3598 3620 3809 3620 3809 651
1319 44 3036 44 3036 978 3041 978
2763 1663 2887 1663 2887 1052 3129 1052
315 2844 346 2844 346 1982 1847 1982
3366 2671 3095 2671 3095 1208 2692 1208
3186 2334 3186 1979 3713 1979 3713 1730
3252 979 2433 979 2433 310 2363 310
3397 1224 3397 1034 1431 1034 1431 710
2727 3185 2727 2801 2780 2801 2780 2381
3962 3545 3962 2092 1778 2092 1778 2078
2403 2662 2403 3476 1984 3476 1984 3731
2898 3623 2898 2081 1922 2081 1922 2025
2307 371 2307 1037 3007 1037 3007 3733
52 3112 52 2048 1877 2048 1877 1906
3694 2225 3693 2225 3693 2191 1633 2191
3009 1487 3009 1058 174 1058 174 708
881 2751 926 2751 926 807 2688 807
101 2053 3112 2053 3112 2531 3737 2531
2986 320 2933 320 2933 21 505 21
3551 822 3832 822 3832 1559 3847 1559
2779 1678 2761 1678 2761 141 2667 141
3881 1847 3880 1847 3880 4063 432 4063
721 3358 925 3358 925 119 2993 119
3813 885 3813 3053 2873 3053 2873 3592
2878 1668 2878 1687 3957 1687 3957 3627
1947 3941 1477 3941 1477 3433 1353 3433
1896 914 2648 914 2648 2036 2863 2036
2180 686 2180 896 230 896 230 1268
2119 1291 2119 2050 3507 2050 3507 3753
1838 3539 1838 3858 1990 3858 1990 3976
577 563 2081 563 2081 2984 2903 2984
1157 3750 1029 3750 1029 811 966 811
1742 447 878 447 878 323 529 323
3939 3149 3939 992 2767 992 2767 529
1278 429 2091 429 2091 2487 2664 2487
2766 675 2766 993 2937 993 2937 3321
2539 1442 2995 1442 2995 3200 3230 3200
1274 3689 68 3689 68 93 49 93
986 2054 986 1295 3897 1295 3897 160
1666 490 932 490 932 3345 569 3345
2005 162 2004 162 2004 862 1909 862
1952 3031 1021 3031 1021 2441 627 2441
1638 3654 1638 3211 381 3211 381 1303
1880 990 1880 1623 1553 1623 1553 2615
934 1925 998 1925 998 1671 1007 1671
570 1430 1001 1430 1001 1345 1271 1345
1794 653 1794 947 1538 947 1538 1422
330 138 347 138 347 3355 747 3355
1918 3738 1918 1077 775 1077 775 929
278 3184 278 2946 354 2946 354 1407
109 3708 109 3198 1781 3198 1781 2613
96 3301 223 3301 223 304 320 304
488 3599 488 3600 1664 3600 1664 3607
426 3669 962 3669 962 1309 1051 1309
295 236 616 236 616 545 665 545
1169 1769 1061 1769 1061 1394 531 1394
1829 2914 1828 2914 1828 1078 477 1078
1652 1701 1179 1701 1179 2992 681 2992
1604 2119 1336 2119 1336 217 1028 217
1650 3861 1552 3861 1552 1943 1328 1943
530 2226 530 2657 790 2657 790 3379
587 818 363 818 363 2892 327 2892
116 991 123 991 123 3788 974 3788
1173 4065 1148 4065 1148 2220
1081 3880 1022 3880 1022 1469 989 1469
681 3674 950 3674 950 932 960 932
1842 3857 1841 3857 1841 859 1788 859
353 3030 1075 3030 1075 2689 1206 2689
771 1228 771 1687 702 1687 702 3593
1740 2653 1740 2097 417 2097 417 1760
167 2999 168 2999 168 895 831 895
631 941 1287 941 1287 1655 1653 1655
786 4069 431 4069 431 3917 265 3917
72 3526 72 3035 1144 3035 1144 2819
562 3145 1554 3145 1554 2535 1791 2535
1774 2705 1774 2915 1889 2915 1889 3737
1325 3304 1074 3304 1074 3839 755 3839
1837 2998 1429 2998 1429 2314 1391 2314
1374 3108 166 3108 166 2926 157 2926
1593 3104 1990 3104 1990 2282 2040 2282
559 2897 566 2897 566 3844 738 3844
126 2433 127 2433 127 2363 1307 2363
741 3774 1158 3774 1158 3749 1777 3749
1526 2135 1550 2135 1550 3915 1729 3915
633 2546 633 3181 1869 3181 1869 3596
1899 3150 1899 2073 1854 2073 1854 2065
402 2323 402 3676 1289 3676 1289 3796
1515 2118 1738 2118 1738 3030 1989 3030
1930 3366 1929 3366 1929 3282 108 3282
208 2499 208 2500 69 2500 69 2525
325 2231 325 2318 657 2318 657 2397
1540 2313 1540 2285 967 2285 967 2257
1411 2999 680 2999 680 2956 598 2956
588 2235 1126 2235 1126 2223 1412 2223
839 2495 852 2495 852 2379 881 2379
1065 2089 1071 2089 1071 2799 1350 2799
1115 2322 1114 2322 1114 2310 625 2310
431 2260 324 2260 324 2128 138 2128
618 2153 529 2153 529 2438 509 2438
473 2405 473 2378 1661 2378 1661 2214
797 2459 796 2459 796 2050 762 2050
881 2462 882 2462 882 2384 1350 2384
1489 2478 1489 2137 1294 2137 1294 2056
1476 2453 1471 2453 1471 2175 1148 2175
1331 2167 1173 2167 1173 2293 1153 2293
1712 2523 1763 2523 1763 2049 1827 2049
1167 2127 1167 2133 1932 2133 1932 2232
1955 2200 1954 2200 1954 2250 1859 2250
1759 2060 1739 2060 1739 2182 1661 2182
1896 2074 1777 2074 1777 2132 1740 2132
1545 2082 1741 2082 1741 2258 1760 2258
1384 2242 1124 2242 1124 2069 1098 2069
1478 2227 1478 2228 1603 2228 1603 2237
1361 2206 1361 2270 1174 2270 1174 2301
1036 2287 1149 2287 1149 2247 1835 2247
1762 2213 1761 2213 1761 2294 1156 2294
1156 2199 1065 2199 1065 2285
1247 2203 1247 2192 1374 2192 1374 2186
1033 2203 1034 2203 1034 2213 1270 2213
1229 2210 1125 2210 1125 2224
1401 2216 1401 2202 1074 2202 1074 2196
1419 2198 1418 2198 1418 2232 1336 2232
1492 2230 1419 2230 1419 2206 1333 2206
1172 2176 1129 2176 1129 2213 1107 2213
1456 2193 1172 2193 1172 2211
1216 2222 1217 2222 1217 2209 1393 2209
1118 2181 1117 2181 1117 2184 1085 2184
1436 2229 1435 2229 1435 2201
1371 2184 1420 2184 1420 2227 1432 2227
1359 2214 1399 2214 1399 2237 1511 2237
1283 2233 1283 2230 1398 2230 1398 2228
1290 2199 1290 2178 1310 2178 1310 2177
