4096 4096
595
44 234 45 234 45 673 602 673
985 224 774 224 774 208 441 208
618 922 618 672 475 672 475 240
589 527 588 527 588 432 413 432
389 643 389 696 818 696 818 1021
253 17 48 17 48 505 47 505
409 693 408 693 408 387 184 387
1021 418 989 418 989 311 694 311
372 54 777 54 777 212 783 212
615 501 614 501 614 424 597 424
160 809 161 809 161 447 481 447
157 985 157 927 778 927 778 726
309 829 321 829 321 98 386 98
255 695 254 695 254 757 210 757
78 100 78 225 880 225 880 327
843 951 843 215 776 215 776 126
715 857 714 857 714 771 457 771
678 677 678 652 502 652 502 524
703 392 702 392 702 580 607 580
458 619 458 694 982 694 982 815
423 471 423 695 845 695 845 919
798 273 798 634 129 634 129 677
830 216 775 216 775 108 118 108
433 1558 265 1558 265 1944 235 1944
900 1538 840 1538 840 1952 314 1952
513 1415 512 1415 512 1521 325 1521
471 1216 476 1216 476 1109 616 1109
364 1582 762 1582 762 1686 769 1686
322 1331 322 1347 153 1347 153 1821
1000 1374 999 1374 999 1108 464 1108
202 2009 202 1980 841 1980 841 1612
536 1284 323 1284 323 1900 306 1900
616 1808 803 1808 803 1467 932 1467
550 2036 550 1557 324 1557 324 1458
248 1083 976 1083 976 1857 997 1857
709 1561 709 1283 160 1283 160 1175
253 1031 260 1031 260 1346 266 1346
802 1478 802 1562 318 1562 318 1781
137 1056 161 1056 161 1236 531 1236
305 1195 304 1195 304 1113 137 1113
924 1286 839 1286 839 1917 506 1917
228 1829 319 1829 319 1679 761 1679
529 1572 363 1572 363 1636 266 1636
227 1457 227 1901 453 1901 453 1933
206 1828 207 1828 207 1972 494 1972
274 1339 152 1339 152 1843 36 1843
797 3015 352 3015 352 3050 276 3050
780 2444 836 2444 836 2687 864 2687
588 2655 588 2545 911 2545 911 2487
762 2788 632 2788 632 2502 441 2502
103 2076 211 2076 211 2912 777 2912
345 2672 323 2672 323 2379 163 2379
798 2098 798 2107 701 2107 701 2988
992 2732 900 2732 900 2108 709 2108
409 2811 409 2750 892 2750 892 2629
551 2449 551 2461 382 2461 382 2559
725 2106 516 2106 516 2460 427 2460
279 2339 280 2339 280 2190 527 2190
595 2565 324 2565 324 2231 293 2231
873 2111 125 2111 125 2819 98 2819
813 2862 813 2922 419 2922 419 3059
742 2515 753 2515 753 2472 830 2472
185 2962 162 2962 162 2215 160 2215
37 2226 37 2227 844 2227 844 2246
1011 2773 1011 2789 441 2789 441 2898
197 2180 209 2180 209 2921 562 2921
728 3772 728 3770 108 3770 108 3721
901 3629 881 3629 881 3225 486 3225
347 3402 346 3402 346 3832 104 3832
802 3847 802 3843 595 3843 595 3566
121 3469 122 3469 122 3959 385 3959
970 4019 565 4019 565 3268 476 3268
134 3351 134 3352 949 3352 949 3356
807 3736 807 3720 36 3720 36 3411
450 3793 451 3793 451 3249 804 3249
162 3199 276 3199 276 3757
475 3525 488 3525 488 3599 489 3599
343 3580 344 3580 344 3289 857 3289
631 4022 630 4022 630 4058 15 4058
386 4017 66 4017 66 3407 36 3407
836 3616 836 3312 603 3312 603 3227
267 3714 345 3714 345 3432 728 3432
550 3532 461 3532 461 3354 81 3354
691 3352 691 3380 849 3380 849 3500
296 3946 297 3946 297 3233 565 3233
821 3541 822 3541 822 3951 885 3951
1002 3474 880 3474 880 3385 430 3385
502 3771 501 3771 501 3887 67 3887
1222 958 1458 958 1458 715 1539 715
1647 347 1667 347 1667 998 1769 998
1217 340 1216 340 1216 144 1208 144
1471 651 1470 651 1470 363 1450 363
1465 201 1449 201 1449 979 1448 979
1367 880 1367 716 1523 716 1523 155
1356 456 1355 456 1355 460 1117 460
1295 177 1295 307 1701 307 1701 922
1692 630 1691 630 1691 454 1680 454
1633 662 1457 662 1457 846 1435 846
1525 457 1525 641 1041 641 1041 873
2004 927 1700 927 1700 905 1284 905
1109 946 1110 946 1110 953 1420 953
1642 768 1642 455 1179 455 1179 133
1866 977 1614 977 1614 803 1538 803
1123 244 1124 244 1124 62 1658 62
1442 124 1526 124 1526 946 1583 946
1712 299 1712 163 1452 163 1452 55
1982 76 1771 76 1771 674 1458 674
1862 481 2008 481 2008 173 2031 173
1546 683 1547 683 1547 763 1552 763
1570 1480 1571 1480 1571 1619 1576 1619
1254 1145 1222 1145 1222 1343 1145 1343
1178 1894 1179 1894 1179 1829 1280 1829
1882 1973 1999 1973 1999 1067 2003 1067
1061 1390 1061 1689 1141 1689 1141 1914
1935 1371 1934 1371 1934 1068 1392 1068
1278 1079 1278 1601 1239 1601 1239 1683
1349 1846 1348 1846 1348 1635 1306 1635
1375 1323 1374 1323 1374 1618 1343 1618
1372 1202 1372 1065 1645 1065 1645 1030
1333 2034 1332 2034 1332 1639 1329 1639
1062 1688 1240 1688 1240 1628 1467 1628
1381 1337 1382 1337 1382 1366 1825 1366
1405 1602 1544 1602 1544 2000 1869 2000
2037 1356 2037 1067 1843 1067 1843 1059
1623 1309 1826 1309 1826 1813 1847 1813
2018 1848 2046 1848 2046 1607
1650 1508 1380 1508 1380 1053 1082 1053
1647 1043 1647 1048 1924 1048 1924 1374
1223 1270 1376 1270 1376 1655 1415 1655
1568 2041 1878 2041 1878 1693 1997 1693
1050 2881 1076 2881 1076 2764 1954 2764
1768 2817 1711 2817 1711 2104 1312 2104
1301 2278 1351 2278 1351 2665 1490 2665
1784 3067 1697 3067 1697 2344 1684 2344
1844 2494 1844 2352 2023 2352 2023 2167
1251 2220 1271 2220 1271 2152 1543 2152
1632 2409 1632 2463 1175 2463 1175 2662
1577 2167 1064 2167 1064 2340 1045 2340
1562 2910 1955 2910 1955 2434 1976 2434
1517 3018 1419 3018 1419 2776 1149 2776
1206 2667 1206 2534 1898 2534 1898 2121
1402 2743 1350 2743 1350 2622 1305 2622
1445 2052 1445 2243 1381 2243 1381 2862
1300 2283 1300 2416 1164 2416 1164 2975
1651 2589 1652 2589 1652 2550 1892 2550
1473 2363 1472 2363 1472 2138 1423 2138
1254 2478 1255 2478 1255 2695 1813 2695
1613 2408 1612 2408 1612 2121 1286 2121
1256 2055 1295 2055 1295 2062 1439 2062
1197 2866 1412 2866 1412 3059 1543 3059
1512 2236 1512 2666 1420 2666 1420 3012
1109 2755 1403 2755 1403 2703 1911 2703
1853 2203 1852 2203 1852 2948 1742 2948
1352 3535 1351 3535 1351 3654 1113 3654
1816 3245 1607 3245 1607 3322 1174 3322
1200 3468 1201 3468 1201 3691 1219 3691
1133 3476 1807 3476 1807 3582 1822 3582
1174 4012 1175 4012 1175 4054 1446 4054
1192 3118 1655 3118 1655 3347 1812 3347
1164 3972 1806 3972 1806 3438 1839 3438
1881 3316 1880 3316 1880 3778 1478 3778
1982 4018 1981 4018 1981 4011 1591 4011
1247 3657 1290 3657 1290 3988 1919 3988
1378 4009 1379 4009 1379 3213 1549 3213
1794 3113 1817 3113 1817 3247 1880 3247
1944 3382 1804 3382 1804 3605 1776 3605
1564 3622 1769 3622 1769 3358 1837 3358
1713 3567 1712 3567 1712 3925 1612 3925
2031 3770 2031 3816 1634 3816 1634 3831
1075 3631 1075 3655 1798 3655 1798 3661
1959 4049 1959 3940 1805 3940 1805 3533
1608 3288 1608 3323 1077 3323 1077 3567
1654 3279 1653 3279 1653 3575 1599 3575
2002 3816 2002 3977 1439 3977 1439 3983
2856 419 2855 419 2855 354 2822 354
2762 964 2994 964 2994 24 2996 24
2785 895 2785 773 2344 773 2344 11
2183 645 2184 645 2184 931 2972 931
2706 325 2462 325 2462 836 2444 836
2934 317 3004 317 3004 168 3035 168
2277 142 2278 142 2278 267 2364 267
2759 970 2758 970 2758 631 2475 631
2537 218 2538 218 2538 881 2613 881
2861 275 2461 275 2461 468 2366 468
2854 932 2821 932 2821 321 2492 321
2521 1012 2614 1012 2614 379 2632 379
3023 648 3023 567 2463 567 2463 407
2286 374 2287 374 2287 164 2608 164
2390 659 2330 659 2330 806 2209 806
2228 799 2228 141 2451 141 2451 34
3065 182 3064 182 3064 214 2525 214
3012 945 3011 945 3011 643 2434 643
2980 1011 2979 1011 2979 568 2912 568
2774 542 3005 542 3005 289 3071 289
2892 950 2891 950 2891 145
2934 1920 2530 1920 2530 1226 2298 1226
2531 1533 2531 1666 2822 1666 2822 1742
2678 1861 2678 1574 2774 1574 2774 1248
3024 1167 3024 1195 2199 1195 2199 1390
2744 1521 2743 1521 2743 1371 2739 1371
2163 1892 2164 1892 2164 1862 2841 1862
2717 1768 2921 1768 2921 1948 2932 1948
2137 1690 2271 1690 2271 1741 2523 1741
3042 1919 2695 1919 2695 1533 2570 1533
2270 1693 2162 1693 2162 1898 2110 1898
3004 1384 3004 1224 2295 1224 2295 1155
2805 1049 2677 1049 2677 1774 2579 1774
2423 1194 2422 1194 2422 1103 2334 1103
3028 1608 3027 1608 3027 1661 2685 1661
2782 1991 2730 1991 2730 1225 2728 1225
2731 1494 2732 1494 2732 1406 2814 1406
2723 1644 2722 1644 2722 1091 2696 1091
2138 1622 2272 1622 2272 1740 2798 1740
2252 1583 2252 1543 2463 1543 2463 1380
2386 1277 2385 1277 2385 1435 2202 1435
2147 1465 2148 1465 2148 1978 2239 1978
2259 2035 2259 2000 2920 2000 2920 1935
2272 1544 2524 1544 2524 1831 3038 1831
2783 2561 2784 2561 2784 2619 3004 2619
2160 2677 2159 2677 2159 2897 2085 2897
3028 2053 3002 2053 3002 2230 2999 2230
2056 2752 2056 2769 2887 2769 2887 2969
2709 3019 2710 3019 2710 2166 2805 2166
2323 2288 2324 2288 2324 2594 2367 2594
2132 2389 2132 2730 2645 2730 2645 2836
2103 2827 2104 2827 2104 3023 2527 3023
2453 2492 2509 2492 2509 2130 2561 2130
2326 2967 2687 2967 2687 2137 2723 2137
3009 2720 3008 2720 3008 2485 3001 2485
2557 2584 2592 2584 2592 2423 2686 2423
2718 2560 2719 2560 2719 2543 2869 2543
2460 2082 2459 2082 2459 2122 2213 2122
2156 2878 2157 2878 2157 2423 2293 2423
2347 2352 2348 2352 2348 2549 2557 2549
2730 2248 2717 2248 2717 2663 2070 2663
2675 2125 2674 2125 2674 3046 2371 3046
2678 2304 2346 2304 2346 2381 2078 2381
2300 2858 2777 2858 2777 2264 2905 2264
2398 3627 2130 3627 2130 3872 2074 3872
2685 3503 2684 3503 2684 3702 2566 3702
2425 3099 2424 3099 2424 3078 2200 3078
2750 3074 2750 3075 2470 3075 2470 3128
2395 4055 2348 4055 2348 3836 2131 3836
3067 4053 2936 4053 2936 3074 2422 3074
2994 3200 2993 3200 2993 3116 2129 3116
2128 3244 2124 3244 2124 4075 2106 4075
2622 3262 2476 3262 2476 4030 2378 4030
2935 3820 2934 3820 2934 3403 2281 3403
2834 3097 2834 3186 2099 3186 2099 3343
2051 3653 2052 3653 2052 3586 2266 3586
2052 3691 2053 3691 2053 3768 2454 3768
2903 3955 2903 3853 2192 3853 2192 3666
2409 4021 2904 4021 2904 3119 2922 3119
2393 3412 2399 3412 2399 4038 2827 4038
2492 3143 2469 3143 2469 3122 2314 3122
2394 3230 2123 3230 2123 3438 2105 3438
2977 4056 2933 4056 2933 3535 2477 3535
2400 3111 2935 3111 2935 3558 3058 3558
3421 237 3759 237 3759 906 3782 906
3678 597 3871 597 3871 979 3918 979
4051 821 4050 821 4050 44 4018 44
3480 207 3481 207 3481 187 3626 187
3291 392 3290 392 3290 965 3248 965
3891 143 3915 143 3915 770 4081 770
3114 438 3115 438 3115 370 3885 370
3979 474 3979 142 3165 142 3165 86
3931 568 3980 568 3980 137 4026 137
3870 701 3869 701 3869 927 3547 927
3864 451 3760 451 3760 213 3550 213
3625 585 3880 585 3880 798 4091 798
3788 531 3788 514 3234 514 3234 407
3989 479 3990 479 3990 435 4087 435
3476 908 3477 908 3477 300 3582 300
3761 394 3886 394 3886 254 4081 254
3914 157 3913 157 3913 511 3764 511
3682 618 3677 618 3677 409 3339 409
3309 224 3310 224 3310 952 3779 952
3433 50 3433 134 3922 134 3922 141
3758 423 3757 423 3757 394 3165 394
4037 655 4036 655 4036 569 3497 569
3096 1711 3157 1711 3157 2014 3713 2014
3138 1353 3797 1353 3797 1434 3882 1434
3757 1453 3757 1707 3148 1707 3148 1852
3654 1803 3653 1803 3653 1136 3445 1136
4061 1786 4060 1786 4060 1846 3469 1846
3535 1175 3536 1175 3536 1446 3603 1446
3939 1298 3939 1244 3348 1244 3348 1211
3784 1210 3784 1756 3317 1756 3317 1889
3705 1207 3798 1207 3798 1080 4020 1080
3425 1964 3347 1964 3347 1170 3324 1170
3770 1056 3770 1067 3190 1067 3190 1822
3695 1497 3696 1497 3696 1457 4038 1457
3258 1239 3259 1239 3259 1315 3510 1315
3818 1535 3694 1535 3694 1472 3591 1472
3832 1751 3832 1642 3656 1642 3656 1103
3474 1245 3883 1245 3883 1513 3917 1513
3365 1686 3365 1452 3796 1452 3796 1408
3467 1856 3468 1856 3468 1905 3808 1905
3365 1782 3833 1782 3833 1708 3990 1708
3573 2029 3316 2029 3316 1331 3098 1331
3450 2895 3520 2895 3520 2657 3557 2657
3082 2416 3081 2416 3081 2149 3076 2149
3776 3046 3871 3046 3871 2569 3872 2569
3518 2715 3519 2715 3519 2204 3556 2204
3961 2978 3961 2092 3779 2092 3779 2061
3871 2416 3870 2416 3870 2804 3345 2804
3910 2556 3909 2556 3909 2094 3202 2094
3253 2933 3273 2933 3273 2405 4057 2405
3415 2934 3415 2981 3490 2981 3490 3063
3535 2420 3536 2420 3536 2205 3620 2205
3246 2615 3245 2615 3245 2819 3119 2819
3943 3043 3942 3043 3942 2865 3586 2865
3448 2103 3695 2103 3695 2633 3784 2633
3467 2631 3310 2631 3310 2295 3254 2295
3431 2880 3431 2864 3964 2864 3964 2346
3286 2049 3324 2049 3324 2315 3471 2315
3762 2647 3861 2647 3861 2061 3907 2061
3279 2393 3279 2896 3905 2896 3905 3071
3860 2258 3860 2201 3232 2201
3243 2839 3247 2839 3247 2356 3490 2356
3328 3736 3353 3736 3353 3323 3377 3323
3550 3791 3551 3791 3551 3747 3892 3747
3910 3884 3722 3884 3722 3719 3586 3719
3723 3843 3723 3391 3508 3391 3508 3203
4005 3470 4004 3470 4004 3753 3860 3753
3490 3698 3963 3698 3963 3501 4083 3501
4027 3614 4026 3614 4026 3809 3161 3809
3248 3297 3247 3297 3247 3101 3229 3101
3929 3135 3351 3135 3351 3338
3409 4058 3410 4058 3410 3828 3657 3828
3666 3552 3507 3552 3507 3136 3158 3136
3365 3693 3364 3693 3364 3775 3360 3775
3935 3916 3934 3916 3934 4037 3353 4037
3352 3312 3349 3312 3349 3993 3347 3993
3948 3426 3947 3426 3947 3419 3541 3419
3262 3409 3262 3621 3936 3621 3936 3767
4013 4075 3346 4075 3346 3937 3241 3937
3171 3340 3249 3340 3249 3236 3280 3236
3233 3734 3233 3737 3358 3737 3358 3954
3540 3270 3949 3270 3949 3797 4081 3797
3997 3902 3549 3902 3549 3718 3244 3718
3246 3353 3210 3353 3210 3698 3178 3698
3408 3569 3407 3569 3407 3348 3310 3348
1872 974 1826 974 1826 1066 1611 1066
615 1015 616 1015 616 1025 1825 1025
1055 1015 1056 1015 1056 1037 1275 1037
1561 1010 1610 1010 1610 1057 1700 1057
910 988 911 988 911 1038 1399 1038
1801 2058 1738 2058 1738 2082 803 2082
1657 2074 1657 2050 1682 2050 1682 2020
211 2059 212 2059 212 2090 342 2090
749 2035 750 2035 750 1997 1025 1997
1157 2016 1157 2022 1672 2022 1672 2032
1440 3066 1138 3066 1138 3104 1076 3104
690 3049 691 3049 691 3036 1306 3036
1272 3059 1075 3059 1075 3104 200 3104
386 3037 387 3037 387 3092 1702 3092
1239 3051 1273 3051 1273 3084 1891 3084
2632 984 2482 984 2482 1000 2161 1000
1827 1020 1843 1020 1843 1047 2214 1047
2514 1010 2320 1010 2320 1015 1538 1015
1230 979 1231 979 1231 1021 1292 1021
3001 993 1825 993 1825 1020 1650 1020
2309 2078 2308 2078 2308 2051 1678 2051
1125 2083 1658 2083 1658 2057 2751 2057
1057 2034 1058 2034 1058 2007 2909 2007
1311 2035 1446 2035 1446 2072 1626 2072
1656 2092 1656 2051 1057 2051 1057 2003
1285 3073 1785 3073 1785 3047 2247 3047
2704 3069 2703 3069 2703 3025 1698 3025
2681 3048 2199 3048 2199 3102 1139 3102
2407 3039 2370 3039 2370 3046 1843 3046
2694 3046 2694 3049 1059 3049 1059 3053
2845 1036 2844 1036 2844 1041 2081 1041
3332 1061 3332 1035 2535 1035 2535 1029
2321 1011 2321 1013 3517 1013 3517 1056
2483 994 3077 994 3077 1004 3219 1004
3633 1066 3632 1066 3632 1009 2189 1009
2709 2008 2709 2048 3853 2048 3853 2083
3602 2082 3602 2037 2416 2037 2416 2035
2310 2062 2311 2062 2311 2026 2633 2026
2804 2047 2864 2047 2864 2012 3155 2012
2853 2001 3156 2001 3156 2036 3904 2036
3477 3062 3476 3062 3476 3063 3130 3063
4000 3063 4000 3072 2438 3072 2438 3108
3042 3031 3043 3031 3043 3035 3897 3035
3541 3088 3542 3088 3542 3122 3921 3122
3714 3087 3489 3087 3489 3058 3049 3058
1011 1511 1012 1511 1012 1708 1050 1708
973 1956 974 1956 974 915 1006 915
1050 701 1051 701 1051 112 1055 112
1054 1130 1031 1130 1031 585 1019 585
1011 233 1010 233 1010 368 990 368
1034 1726 1058 1726 1058 2785 1067 2785
988 1324 1028 1324 1028 2857 1074 2857
1026 1719 1024 1719 1024 2614 1023 2614
1022 1313 1027 1313 1027 3005 1074 3005
1070 2649 1035 2649 1035 1326 1033 1326
990 2607 1012 2607 1012 3164 1065 3164
1033 2880 1068 2880 1068 2556 1070 2556
1074 2329 1073 2329 1073 2289 976 2289
1073 3920 1021 3920 1021 3374 1003 3374
1000 3715 1001 3715 1001 3820 1009 3820
2036 1242 2036 1357 2079 1357 2079 1829
2032 12 2033 12 2033 223 2073 223
2048 1534 2047 1534 2047 913 2035 913
2045 1766 2045 1606 2046 1606 2046 869
2081 401 2080 401 2080 455 2038 455
2050 2125 2050 2059 2090 2059 2090 1330
2065 2060 2065 2126 2029 2126 2029 2509
2059 1986 2058 1986 2058 1715 2054 1715
2063 1893 2063 2404 2052 2404 2052 2538
2002 2695 2006 2695 2006 1209 2049 1209
2035 4062 2036 4062 2036 3959 2060 3959
2030 3148 2031 3148 2031 3527 2095 3527
2057 2403 2049 2403 2049 3526 1997 3526
2054 3265 2053 3265 2053 3287
2062 2301 2062 3224 2034 3224 2034 3758
3112 961 3111 961 3111 139 3081 139
3057 128 3056 128 3056 1030 3030 1030
3076 995 3075 995 3075 1507 3022 1507
3067 816 3096 816 3096 1979 3122 1979
3076 932 3075 932 3075 928 3042 928
3082 2794 3089 2794 3089 1769 3094 1769
3079 1192 3079 1480 3044 1480 3044 1614
3093 1701 3090 1701 3090 3029 3024 3029
3044 2468 3050 2468 3050 2469 3087 2469
3040 1764 3043 1764 3043 2047 3051 2047
3110 2388 3108 2388 3108 2632 3086 2632
3026 3567 3027 3567 3027 2115 3088 2115
3102 3477 3103 3477 3103 3989 3107 3989
3100 2275 3101 2275 3101 2593 3110 2593
3104 3050 3103 3050 3103 2797 3091 2797
1112 3180 1112 3110 3899 3110 3899 2551
2737 3176 2080 3176 2080 693 713 693
2367 3052 3158 3052 3158 1787 3296 1787
3627 1315 3627 1447 3241 1447 3241 2862
55 2795 56 2795 56 2160 206 2160
3879 650 3878 650 3878 3927 589 3927
1617 3330 1617 3212 975 3212 975 1559
1430 2324 2005 2324 2005 728 3749 728
1820 3580 3095 3580 3095 496 3638 496
1196 1259 1010 1259 1010 2555 773 2555
171 1452 901 1452 901 2415 1206 2415
3203 4046 103 4046 103 3803 78 3803
2759 2655 3109 2655 3109 2609 3478 2609
172 1970 173 1970 173 1121 1028 1121
1463 727 1462 727 1462 1792 1412 1792
2007 306 1524 306 1524 102 1442 102
3774 469 2433 469 2433 770 2331 770
1772 188 1772 959 1032 959 1032 1051
1613 2630 1956 2630 1956 3706 2861 3706
882 3434 961 3434 961 559 1645 559
1946 3223 2024 3223 2024 1909 2043 1909
497 1209 1998 1209 1998 3108 2460 3108
1443 2812 2025 2812 2025 2266 2508 2266
475 1124 210 1124 210 3177 205 3177
3080 2955 3080 2052 2441 2052 2441 1319
2496 1556 2496 2002 2900 2002 2900 3102
2366 137 2365 137 2365 132 230 132
2073 1819 2048 1819 2048 3439 1479 3439
1859 1008 3771 1008 3771 1133 3797 1133
1192 83 1192 148 3003 148 3003 223
3598 3620 3809 3620 3809 651
1319 44 2181 44 2181 978 3041 978
2763 1663 3080 1663 3080 1052 3129 1052
315 2844 346 2844 346 1982 1847 1982
3366 2671 3094 2671 3094 1208 2692 1208
3186 2334 3191 2334 3191 1730 3713 1730
3252 979 3110 979 3110 310 2363 310
3397 1224 3397 1023 1431 1023 1431 710
2727 3185 2778 3185 2778 2381 2780 2381
3962 3545 3962 2093 1778 2093 1778 2078
2403 2662 2152 2662 2152 3731 1984 3731
2898 3623 1996 3623 1996 2025 1922 2025
2307 371 2950 371 2950 3733 3007 3733
52 3112 52 1981 1877 1981 1877 1906
3694 2225 3693 2225 3693 2191 1633 2191
3009 1487 3009 1058 174 1058 174 708
881 2751 925 2751 925 807 2688 807
101 2053 101 2056 3737 2056 3737 2531
2986 320 2933 320 2933 21 505 21
3551 822 3819 822 3819 1559 3847 1559
2779 1678 2761 1678 2761 141 2667 141
3881 1847 3880 1847 3880 4063 432 4063
721 3358 1037 3358 1037 119 2993 119
3813 885 3137 885 3137 3592 2873 3592
2878 1668 2878 1687 3957 1687 3957 3627
1947 3941 1477 3941 1477 3433 1353 3433
1896 914 2091 914 2091 2036 2863 2036
2180 686 909 686 909 1268 230 1268
2119 1291 2938 1291 2938 3753 3507 3753
1838 3539 1838 3858 1990 3858 1990 3976
577 563 577 1989 2903 1989 2903 2984
1157 3750 1030 3750 1030 811 966 811
1742 447 879 447 879 323 529 323
3939 3149 3930 3149 3930 529 2767 529
1278 429 2092 429 2092 2487 2664 2487
2766 675 2766 951 2937 951 2937 3321
2539 1442 2995 1442 2995 3200 3230 3200
1274 3689 68 3689 68 93 49 93
986 2054 1008 2054 1008 160 3897 160
1666 490 933 490 933 3345 569 3345
2005 162 2004 162 2004 862 1909 862
1952 3031 1021 3031 1021 2441 627 2441
1638 3654 1638 3211 381 3211 381 1303
1880 990 1851 990 1851 2615 1553 2615
934 1925 934 1847 1007 1847 1007 1671
570 1430 1001 1430 1001 1345 1271 1345
1794 653 1794 999 1538 999 1538 1422
330 138 330 3226 747 3226 747 3355
1918 3738 1918 1076 775 1076 775 929
278 3184 278 1457 354 1457 354 1407
109 3708 109 3198 1781 3198 1781 2613
96 3301 97 3301 97 304 320 304
488 3599 488 3600 1664 3600 1664 3607
426 3669 1013 3669 1013 1309 1051 1309
295 236 503 236 503 545 665 545
1169 1769 1060 1769 1060 1394 531 1394
1829 2914 1828 2914 1828 1078 477 1078
1652 1701 1032 1701 1032 2992 681 2992
1604 2119 1059 2119 1059 217 1028 217
1650 3861 1650 3667 1328 3667 1328 1943
530 2226 567 2226 567 3379 790 3379
587 818 362 818 362 2892 327 2892
116 991 123 991 123 3788 974 3788
1173 4065 1148 4065 1148 2220
1081 3880 1026 3880 1026 1469 989 1469
681 3674 950 3674 950 932 960 932
1842 3857 1842 1024 1788 1024 1788 859
353 3030 1075 3030 1075 2689 1206 2689
771 1228 771 1687 702 1687 702 3593
1740 2653 1740 2097 417 2097 417 1760
167 2999 167 928 831 928 831 895
631 941 631 1077 1653 1077 1653 1655
786 4069 431 4069 431 3917 265 3917
72 3526 72 3035 1144 3035 1144 2819
562 3145 1544 3145 1544 2535 1791 2535
1774 2705 1774 3215 1889 3215 1889 3737
1325 3304 1074 3304 1074 3839 755 3839
1837 2998 1481 2998 1481 2314 1391 2314
1374 3108 161 3108 161 2926 157 2926
1593 3104 2030 3104 2030 2282 2040 2282
559 2897 566 2897 566 3844 738 3844
126 2433 127 2433 127 2363 1307 2363
741 3774 1158 3774 1158 3749 1777 3749
1526 2135 1526 3068 1729 3068 1729 3915
633 2546 633 2621 1869 2621 1869 3596
1899 3150 1856 3150 1856 2065 1854 2065
402 2323 402 3355 1289 3355 1289 3796
1515 2118 1977 2118 1977 3030 1989 3030
1930 3366 1929 3366 1929 3282 108 3282
208 2499 207 2499 207 2525 69 2525
325 2231 325 2271 657 2271 657 2397
1540 2313 1540 2288 967 2288 967 2257
1411 2999 680 2999 680 2956 598 2956
588 2235 1132 2235 1132 2223 1412 2223
839 2495 840 2495 840 2379 881 2379
1065 2089 1071 2089 1071 2799 1350 2799
1115 2322 1114 2322 1114 2310 625 2310
431 2260 430 2260 430 2128 138 2128
618 2153 529 2153 529 2438 509 2438
473 2405 473 2378 1661 2378 1661 2214
797 2459 779 2459 779 2050 762 2050
881 2462 1301 2462 1301 2384 1350 2384
1489 2478 1489 2137 1294 2137 1294 2056
1476 2453 1471 2453 1471 2175 1148 2175
1331 2167 1331 2221 1153 2221 1153 2293
1712 2523 1763 2523 1763 2049 1827 2049
1167 2127 1167 2133 1932 2133 1932 2232
1955 2200 1954 2200 1954 2250 1859 2250
1759 2060 1739 2060 1739 2182 1661 2182
1896 2074 1777 2074 1777 2132 1740 2132
1545 2082 1545 2093 1760 2093 1760 2258
1384 2242 1124 2242 1124 2069 1098 2069
1478 2227 1478 2236 1603 2236 1603 2237
1361 2206 1361 2224 1174 2224 1174 2301
1036 2287 1103 2287 1103 2247 1835 2247
1762 2213 1762 2259 1156 2259 1156 2294
1156 2199 1102 2199 1102 2285 1065 2285
1247 2203 1292 2203 1292 2186 1374 2186
1033 2203 1034 2203 1034 2213 1270 2213
1229 2210 1229 2216 1125 2216 1125 2224
1401 2216 1289 2216 1289 2196 1074 2196
1419 2198 1418 2198 1418 2232 1336 2232
1492 2230 1419 2230 1419 2206 1333 2206
1172 2176 1172 2200 1107 2200 1107 2213
1456 2193 1332 2193 1332 2211 1172 2211
1216 2222 1333 2222 1333 2209 1393 2209
1118 2181 1117 2181 1117 2184 1085 2184
1436 2229 1436 2208 1435 2208 1435 2201
1371 2184 1420 2184 1420 2227 1432 2227
1359 2214 1413 2214 1413 2237 1511 2237
1283 2233 1284 2233 1284 2228 1398 2228
1290 2199 1291 2199 1291 2177 1310 2177
